rank	number
0.15	10247
0.151	17591
0.152	4181
0.153	1736
0.154	1249
0.155	613
0.156	586
0.157	238
0.158	170
0.159	119
0.16	145
0.161	93
0.162	135
0.163	69
0.164	54
0.165	107
0.166	43
0.167	67
0.168	32
0.169	20
0.17	24
0.171	20
0.172	14
0.173	14
0.174	6
0.175	8
0.176	2
0.177	8
0.178	9
0.179	14
0.18	8
0.181	7
0.182	5
0.183	4
0.184	4
0.185	3
0.186	6
0.187	3
0.188	4
0.189	2
0.19	4
0.193	5
0.194	1
0.195	1
0.196	1
0.197	1
0.198	6
0.199	1
0.2	8
0.201	9
0.202	11
0.203	1
0.204	2
0.205	5
0.206	1
0.207	2
0.208	2
0.209	1
0.21	2
0.212	3
0.213	5
0.215	37
0.216	4
0.217	2
0.219	6
0.22	7
0.221	3
0.222	7
0.223	3
0.224	1
0.225	9
0.226	2
0.227	3
0.228	5
0.229	6
0.23	4
0.231	9
0.232	9
0.233	3
0.234	3
0.235	1
0.236	5
0.237	3
0.238	2
0.239	1
0.24	1
0.241	2
0.242	258
0.243	3
0.244	3
0.245	7
0.246	62
0.247	4
0.248	1
0.249	3
0.25	259
0.251	3
0.252	2
0.253	2
0.254	3
0.255	3
0.257	2
0.258	2
0.26	2
0.262	3
0.264	4
0.266	1
0.268	1
0.269	1
0.271	1
0.275	1
0.276	1
0.277	2
0.28	2
0.281	8
0.287	1
0.289	1
0.29	1
0.293	2
0.294	1
0.298	1
0.302	2
0.312	1
0.314	1
0.32	5
0.325	1
0.329	1
0.33	1
0.331	2
0.332	1
0.333	14
0.334	5
0.339	1
0.342	4
0.344	3
0.345	1
0.346	2
0.349	1
0.35	12
0.351	1
0.353	1
0.355	1
0.358	1
0.361	2
0.362	1
0.369	1
0.37	2
0.375	1
0.376	1
0.384	3
0.387	1
0.402	4
0.412	5
0.415	1
0.416	1
0.425	1
0.428	1
0.436	1
0.442	2
0.45	1
0.456	1
0.469	1
0.472	2
0.478	1
0.504	1
0.514	1
0.515	1
0.573	2
0.581	1
0.582	1
0.602	1
0.605	1
0.611	1
0.637	1
0.652	1
0.692	1
0.743	1
0.746	1
0.747	4
0.748	1
0.75	3
0.769	1
0.823	1
0.824	3
0.829	2
0.83	1
0.848	1
0.92	1
1.084	1
1.098	1
1.138	1
1.148	1
1.153	1
1.157	1
1.164	1
1.19	1
1.207	1
1.211	1
1.22	1
1.223	1
1.229	1
1.241	1
1.261	1
1.383	1
1.471	1
1.643	1
1.677	1
