rank	number
0.15	11895
0.151	16029
0.152	4155
0.153	1736
0.154	1198
0.155	735
0.156	480
0.157	255
0.158	167
0.159	101
0.16	132
0.161	129
0.162	116
0.163	78
0.164	39
0.165	104
0.166	43
0.167	64
0.168	32
0.169	16
0.17	30
0.171	12
0.172	15
0.173	8
0.174	8
0.175	4
0.176	5
0.177	10
0.178	14
0.179	5
0.18	8
0.181	8
0.182	4
0.183	4
0.184	6
0.185	4
0.186	3
0.187	4
0.188	2
0.189	2
0.19	4
0.193	6
0.195	1
0.196	2
0.197	6
0.198	1
0.199	8
0.2	7
0.201	12
0.202	2
0.203	1
0.204	4
0.205	3
0.206	2
0.207	2
0.208	3
0.212	3
0.213	5
0.214	6
0.215	31
0.216	5
0.217	1
0.218	3
0.219	8
0.22	4
0.221	6
0.222	5
0.223	1
0.224	7
0.225	3
0.226	3
0.227	4
0.228	5
0.229	5
0.23	6
0.231	13
0.232	4
0.234	4
0.235	5
0.236	3
0.237	1
0.238	1
0.239	2
0.24	257
0.241	2
0.242	4
0.243	4
0.244	61
0.245	8
0.246	1
0.247	259
0.248	7
0.249	1
0.25	2
0.251	2
0.252	4
0.254	3
0.255	2
0.256	1
0.257	2
0.259	3
0.26	1
0.262	1
0.263	1
0.264	3
0.268	2
0.269	1
0.274	2
0.275	1
0.276	1
0.279	2
0.28	8
0.285	1
0.286	1
0.29	3
0.293	1
0.294	1
0.298	2
0.311	1
0.314	1
0.319	5
0.324	1
0.328	1
0.329	13
0.331	2
0.332	3
0.333	4
0.334	1
0.337	3
0.338	1
0.341	1
0.343	3
0.344	1
0.345	14
0.346	1
0.348	1
0.351	1
0.352	2
0.359	1
0.36	1
0.361	1
0.368	3
0.371	1
0.374	1
0.379	3
0.386	1
0.396	3
0.4	1
0.411	5
0.414	1
0.415	1
0.419	1
0.426	1
0.435	1
0.437	1
0.44	1
0.442	1
0.455	1
0.466	1
0.468	1
0.472	1
0.478	1
0.502	1
0.506	1
0.514	1
0.573	2
0.577	1
0.581	1
0.598	1
0.602	1
0.604	1
0.632	1
0.648	1
0.686	1
0.737	1
0.74	5
0.741	1
0.743	3
0.762	1
0.816	1
0.817	3
0.821	2
0.823	1
0.84	1
0.912	1
1.076	1
1.086	1
1.127	1
1.135	1
1.141	1
1.15	1
1.151	1
1.178	1
1.194	1
1.198	1
1.207	1
1.211	1
1.217	1
1.228	1
1.248	1
1.372	1
1.457	1
1.626	1
1.659	1
