rank	number
0.15	12137
0.151	15815
0.152	4151
0.153	1715
0.154	1219
0.155	712
0.156	480
0.157	254
0.158	170
0.159	98
0.16	132
0.161	130
0.162	116
0.163	78
0.164	40
0.165	108
0.166	40
0.167	61
0.168	32
0.169	17
0.17	31
0.171	10
0.172	16
0.173	7
0.174	8
0.175	4
0.176	5
0.177	10
0.178	14
0.179	6
0.18	7
0.181	8
0.182	4
0.183	4
0.184	6
0.185	4
0.186	3
0.187	4
0.188	2
0.189	5
0.19	1
0.192	1
0.193	5
0.195	1
0.196	6
0.197	2
0.198	1
0.199	8
0.2	10
0.201	10
0.202	1
0.203	2
0.204	4
0.205	2
0.206	3
0.207	1
0.208	3
0.212	3
0.213	5
0.214	6
0.215	31
0.216	6
0.217	3
0.219	9
0.22	3
0.221	6
0.222	5
0.223	1
0.224	7
0.225	3
0.226	3
0.227	5
0.228	4
0.229	5
0.23	6
0.231	13
0.232	4
0.234	4
0.235	5
0.236	3
0.237	1
0.238	1
0.239	257
0.24	2
0.241	3
0.242	3
0.243	61
0.244	4
0.245	8
0.246	2
0.247	260
0.248	5
0.249	2
0.25	2
0.251	3
0.252	2
0.254	4
0.255	1
0.256	1
0.257	2
0.258	1
0.259	3
0.261	1
0.263	1
0.264	3
0.268	3
0.274	2
0.275	1
0.276	1
0.279	2
0.28	8
0.284	1
0.286	1
0.289	2
0.29	1
0.293	1
0.294	1
0.298	2
0.311	1
0.314	1
0.319	5
0.324	1
0.328	1
0.329	13
0.331	2
0.332	3
0.333	4
0.334	1
0.337	3
0.338	1
0.341	1
0.343	3
0.344	14
0.345	1
0.346	1
0.348	1
0.351	2
0.352	1
0.359	1
0.36	1
0.361	1
0.368	3
0.371	1
0.373	1
0.379	3
0.386	1
0.395	3
0.4	1
0.411	5
0.414	1
0.415	1
0.418	1
0.426	1
0.435	1
0.437	1
0.44	1
0.441	1
0.455	1
0.466	1
0.468	1
0.472	1
0.478	1
0.502	1
0.506	1
0.513	1
0.573	2
0.576	1
0.58	1
0.598	1
0.602	1
0.604	1
0.632	1
0.648	1
0.685	1
0.737	1
0.739	1
0.74	4
0.741	1
0.743	3
0.761	1
0.815	1
0.816	3
0.821	2
0.822	1
0.839	1
0.912	1
1.075	1
1.085	1
1.127	1
1.134	1
1.14	1
1.15	2
1.176	1
1.193	1
1.197	1
1.206	1
1.209	1
1.216	1
1.227	1
1.247	1
1.371	1
1.456	1
1.624	1
1.657	1
