rank	number
0.15	1
0.1501	4648
0.1502	292
0.1503	2483
0.1504	1993
0.1505	5644
0.1506	3058
0.1507	1780
0.1508	1294
0.1509	1693
0.151	2230
0.1511	1177
0.1512	565
0.1513	292
0.1514	496
0.1515	700
0.1516	431
0.1517	456
0.1518	836
0.1519	447
0.152	464
0.1521	256
0.1522	171
0.1523	418
0.1524	131
0.1525	257
0.1526	181
0.1527	193
0.1528	262
0.1529	143
0.153	152
0.1531	265
0.1532	131
0.1533	85
0.1534	146
0.1535	97
0.1536	153
0.1537	224
0.1538	85
0.1539	62
0.154	93
0.1541	92
0.1542	136
0.1543	100
0.1544	106
0.1545	178
0.1546	125
0.1547	33
0.1548	91
0.1549	78
0.155	29
0.1551	45
0.1552	17
0.1553	122
0.1554	59
0.1555	75
0.1556	47
0.1557	73
0.1558	13
0.1559	55
0.156	56
0.1561	29
0.1562	79
0.1563	37
0.1564	62
0.1565	13
0.1566	20
0.1567	41
0.1568	39
0.1569	19
0.157	31
0.1571	7
0.1572	26
0.1573	50
0.1574	8
0.1575	22
0.1576	33
0.1577	5
0.1578	7
0.1579	10
0.158	14
0.1581	24
0.1582	20
0.1583	16
0.1584	18
0.1585	19
0.1586	5
0.1587	3
0.1588	10
0.1589	3
0.159	13
0.1591	28
0.1592	14
0.1593	3
0.1594	8
0.1595	18
0.1596	11
0.1597	5
0.1598	7
0.1599	49
0.16	2
0.1601	15
0.1602	16
0.1603	4
0.1604	5
0.1605	1
0.1606	4
0.1607	24
0.1608	11
0.1609	6
0.161	29
0.1611	1
0.1612	20
0.1613	23
0.1614	8
0.1615	8
0.1616	3
0.1617	7
0.1618	27
0.1619	20
0.162	9
0.1622	16
0.1623	1
0.1624	26
0.1625	4
0.1626	2
0.1627	9
0.1628	6
0.1629	12
0.163	4
0.1631	3
0.1632	2
0.1633	9
0.1634	26
0.1635	5
0.1636	2
0.1637	3
0.1638	3
0.1639	2
0.164	3
0.1641	2
0.1642	1
0.1643	17
0.1644	3
0.1645	21
0.1646	4
0.1647	18
0.1648	26
0.1649	4
0.165	6
0.1651	2
0.1652	2
0.1653	19
0.1654	2
0.1655	9
0.1656	5
0.1657	1
0.1658	3
0.1659	5
0.166	1
0.1661	3
0.1662	11
0.1663	1
0.1664	4
0.1665	17
0.1666	10
0.1667	13
0.1669	2
0.167	7
0.1671	7
0.1672	1
0.1673	4
0.1674	3
0.1676	5
0.1677	9
0.1679	1
0.168	1
0.1681	4
0.1682	2
0.1683	6
0.1684	4
0.1685	1
0.1686	1
0.1687	1
0.1688	1
0.1689	2
0.1692	2
0.1693	4
0.1694	4
0.1695	2
0.1697	5
0.1698	7
0.17	3
0.1702	2
0.1703	11
0.1705	2
0.1707	1
0.1709	4
0.171	1
0.1712	2
0.1714	2
0.1717	4
0.1719	1
0.172	2
0.1721	5
0.1722	2
0.1723	1
0.1725	1
0.1727	3
0.1729	1
0.1731	1
0.1734	1
0.1735	1
0.1736	1
0.1737	1
0.1738	2
0.1741	1
0.1742	2
0.1744	1
0.1746	1
0.175	1
0.1752	2
0.1756	1
0.1761	2
0.1762	2
0.1767	5
0.1771	2
0.1772	1
0.1773	1
0.1774	1
0.1775	2
0.1779	1
0.178	3
0.1782	5
0.1784	2
0.1785	1
0.1786	1
0.1788	1
0.179	1
0.1792	1
0.1794	2
0.1796	1
0.1797	2
0.1798	1
0.18	2
0.1804	1
0.1805	1
0.1808	1
0.1809	1
0.1811	3
0.1812	1
0.1813	1
0.1818	1
0.182	1
0.1823	1
0.1824	1
0.1825	1
0.1828	1
0.1831	1
0.1832	1
0.1836	2
0.1838	1
0.1841	1
0.1842	2
0.1847	1
0.1848	1
0.185	1
0.1854	1
0.1856	1
0.1859	1
0.1864	1
0.1868	2
0.1872	1
0.1873	1
0.1876	2
0.1887	1
0.1888	1
0.1895	3
0.1897	1
0.1925	1
0.1927	1
0.1928	3
0.193	1
0.1948	1
0.196	1
0.1963	1
0.1964	1
0.1965	3
0.1968	1
0.1974	1
0.1983	1
0.1994	8
0.1999	7
0.2004	3
0.2006	7
0.2013	2
0.2014	1
0.2022	1
0.2033	2
0.2036	2
0.204	1
0.2045	1
0.2047	2
0.2057	1
0.206	1
0.2064	1
0.2072	1
0.2075	1
0.2077	1
0.2081	1
0.2117	1
0.2118	1
0.2122	1
0.2127	5
0.2144	5
0.2145	1
0.2151	31
0.2156	3
0.216	1
0.2163	1
0.2165	1
0.2174	3
0.2185	1
0.2186	1
0.219	2
0.2194	4
0.2195	2
0.2197	1
0.22	1
0.2206	1
0.221	2
0.2211	1
0.2213	2
0.2215	1
0.2217	1
0.222	2
0.2224	1
0.223	1
0.2241	1
0.2242	3
0.2243	1
0.2244	2
0.2246	1
0.225	2
0.2257	1
0.226	1
0.2264	1
0.2267	1
0.2272	1
0.2273	1
0.2274	2
0.2279	1
0.228	1
0.2282	1
0.2283	1
0.2287	1
0.2289	1
0.229	1
0.2292	2
0.2297	1
0.2298	3
0.23	1
0.2304	1
0.2307	1
0.2308	4
0.2309	1
0.2311	6
0.2313	1
0.2319	1
0.232	1
0.2321	1
0.2322	1
0.2337	1
0.2338	1
0.2339	1
0.2342	1
0.2345	1
0.2347	1
0.2354	2
0.2355	2
0.2356	1
0.2358	1
0.2367	1
0.2378	1
0.2386	1
0.2392	2
0.2394	254
0.2398	1
0.2399	1
0.2405	1
0.2408	1
0.2414	1
0.242	1
0.2421	1
0.2424	1
0.2426	1
0.2428	1
0.243	1
0.2432	1
0.2433	55
0.2434	2
0.2436	1
0.2437	1
0.2438	1
0.2442	1
0.2445	3
0.2446	1
0.2448	2
0.2454	2
0.246	1
0.2463	1
0.2468	1
0.2469	1
0.247	255
0.2471	1
0.2474	2
0.2475	2
0.2477	1
0.248	1
0.2483	1
0.2488	1
0.2495	1
0.2498	1
0.2504	1
0.2511	1
0.2513	1
0.2515	1
0.2518	2
0.2536	1
0.2537	1
0.2541	1
0.2543	1
0.255	1
0.2557	1
0.2568	1
0.2572	1
0.2583	1
0.2587	1
0.2594	2
0.2612	1
0.2625	1
0.2635	2
0.2636	1
0.2677	1
0.268	1
0.2684	1
0.2739	1
0.2742	1
0.2747	1
0.2764	1
0.2789	2
0.2803	8
0.2841	1
0.2861	1
0.2893	2
0.2903	1
0.2933	1
0.2937	1
0.2976	2
0.3111	1
0.3136	1
0.3194	5
0.3235	1
0.3281	1
0.3287	12
0.3292	1
0.3307	2
0.3317	1
0.3318	1
0.3324	1
0.3329	1
0.333	1
0.3331	1
0.3334	1
0.3336	1
0.3366	3
0.338	1
0.3407	1
0.343	1
0.3431	1
0.3432	1
0.344	12
0.3442	1
0.3445	1
0.3449	1
0.3457	1
0.3482	1
0.3508	1
0.3515	2
0.3592	1
0.3595	1
0.3608	1
0.3676	1
0.368	1
0.3682	1
0.3706	1
0.3734	1
0.3786	3
0.386	1
0.3946	3
0.4	1
0.4105	4
0.4114	1
0.4138	1
0.4146	1
0.4181	1
0.4263	1
0.4346	1
0.4368	1
0.4396	1
0.441	1
0.4549	1
0.4655	1
0.4678	1
0.4719	1
0.4778	1
0.5016	1
0.5056	1
0.5134	1
0.5725	2
0.5764	1
0.5805	1
0.5976	1
0.6016	1
0.6043	1
0.6319	1
0.6477	1
0.685	1
0.7365	1
0.739	1
0.7397	4
0.7406	1
0.7426	1
0.7428	2
0.7614	1
0.8154	1
0.8163	3
0.8208	2
0.8223	1
0.8392	1
0.9117	1
1.0747	1
1.0852	1
1.1265	1
1.1343	1
1.1401	1
1.1499	1
1.1501	1
1.1763	1
1.1929	1
1.1971	1
1.206	1
1.2094	1
1.2156	1
1.2272	1
1.2465	1
1.3705	1
1.4554	1
1.6239	1
1.6567	1
