rank	number
0.15	7871
0.15008	1506
0.15009	927
0.1501	1129
0.15016	5
0.15018	346
0.15019	989
0.1502	170
0.15021	18
0.15022	272
0.15023	322
0.15024	1
0.15025	366
0.15026	291
0.15027	59
0.15028	369
0.1503	49
0.15031	2
0.15032	70
0.15033	108
0.15034	10
0.15035	122
0.15036	316
0.15037	719
0.15038	718
0.15039	867
0.1504	107
0.15041	270
0.15042	301
0.15043	39
0.15044	261
0.15045	144
0.15046	292
0.15048	6
0.15049	194
0.1505	9
0.15051	258
0.15052	65
0.15053	290
0.15054	17
0.15055	136
0.15056	94
0.15057	39
0.15058	8
0.15059	3
0.1506	37
0.15061	152
0.15062	48
0.15063	401
0.15064	32
0.15065	37
0.15066	91
0.15067	45
0.15068	215
0.15069	41
0.1507	80
0.15071	198
0.15072	132
0.15073	143
0.15074	295
0.15075	243
0.15076	58
0.15077	122
0.15078	156
0.15079	159
0.1508	9
0.15081	66
0.15082	73
0.15083	128
0.15084	44
0.15085	107
0.15086	73
0.15087	124
0.15088	1
0.15089	83
0.1509	28
0.15091	22
0.15092	128
0.15093	130
0.15094	19
0.15095	15
0.15096	152
0.15097	15
0.15098	13
0.15099	107
0.151	94
0.15101	32
0.15102	151
0.15103	29
0.15104	67
0.15105	29
0.15106	80
0.15107	30
0.15108	33
0.15109	120
0.1511	36
0.15111	46
0.15112	11
0.15113	149
0.15114	60
0.15116	220
0.15117	30
0.15118	97
0.15119	3
0.1512	2
0.15121	22
0.15122	7
0.15123	11
0.15124	115
0.15125	10
0.15126	74
0.15127	10
0.15128	30
0.15129	19
0.1513	3
0.15131	14
0.15132	59
0.15133	105
0.15134	6
0.15135	39
0.15136	5
0.15137	101
0.15138	13
0.15139	38
0.1514	10
0.15141	15
0.15142	10
0.15143	49
0.15145	33
0.15146	23
0.15147	29
0.15148	57
0.15149	205
0.1515	181
0.15151	33
0.15152	47
0.15153	18
0.15154	1
0.15155	135
0.15156	4
0.15157	4
0.15158	40
0.15159	31
0.1516	5
0.15161	18
0.15162	10
0.15163	31
0.15164	32
0.15165	13
0.15166	15
0.15167	70
0.15168	6
0.15169	12
0.1517	25
0.15171	7
0.15172	16
0.15173	41
0.15174	54
0.15175	10
0.15176	1
0.15177	1
0.15178	18
0.15179	106
0.1518	15
0.15181	15
0.15182	36
0.15183	12
0.15184	80
0.15185	15
0.15186	24
0.15187	20
0.15188	22
0.15189	14
0.1519	1
0.15191	9
0.15192	10
0.15193	8
0.15194	6
0.15195	2
0.15196	9
0.15197	25
0.15198	29
0.15199	33
0.15201	7
0.15202	72
0.15203	3
0.15204	40
0.15205	21
0.15206	6
0.15207	15
0.15208	2
0.15209	10
0.1521	13
0.15211	1
0.15212	67
0.15213	47
0.15214	6
0.15215	6
0.15216	4
0.15217	4
0.15218	3
0.15219	10
0.1522	3
0.15221	1
0.15222	5
0.15223	25
0.15224	10
0.15225	25
0.15226	8
0.15227	1
0.15228	3
0.15229	2
0.1523	10
0.15231	14
0.15232	9
0.15233	10
0.15235	2
0.15236	46
0.15237	64
0.15238	2
0.15239	3
0.15241	7
0.15242	44
0.15243	71
0.15244	3
0.15245	1
0.15246	2
0.15248	12
0.15249	11
0.15251	20
0.15252	13
0.15254	6
0.15255	4
0.15256	11
0.15257	6
0.15258	75
0.15259	5
0.1526	27
0.15261	1
0.15262	53
0.15263	6
0.15264	4
0.15266	8
0.15267	2
0.15268	4
0.15269	28
0.1527	7
0.15271	3
0.15272	3
0.15273	1
0.15274	11
0.15275	2
0.15276	7
0.15277	16
0.15278	2
0.15279	1
0.1528	1
0.15281	6
0.15283	2
0.15285	39
0.15286	1
0.15287	12
0.15288	4
0.15289	3
0.1529	43
0.15291	3
0.15292	18
0.15293	3
0.15294	5
0.15295	28
0.15297	33
0.15298	13
0.15299	3
0.15301	16
0.15303	81
0.15305	21
0.15306	4
0.15308	1
0.15309	12
0.1531	4
0.15311	17
0.15314	2
0.15315	10
0.15316	2
0.15317	2
0.15318	40
0.15319	11
0.1532	2
0.15323	1
0.15324	30
0.15325	6
0.15326	1
0.15327	1
0.15328	6
0.15329	1
0.15331	9
0.15334	9
0.15335	1
0.15336	1
0.15338	2
0.15339	1
0.1534	21
0.15343	16
0.15345	2
0.15346	35
0.15347	23
0.15348	25
0.1535	22
0.15351	2
0.15352	6
0.15353	2
0.15355	10
0.15357	3
0.15358	19
0.15361	1
0.15362	4
0.15364	4
0.15365	4
0.15368	4
0.15369	1
0.15371	3
0.15372	4
0.15373	2
0.15374	21
0.15375	1
0.15377	2
0.15378	50
0.15379	1
0.1538	2
0.15382	2
0.15383	1
0.15384	3
0.15385	18
0.15387	2
0.15391	2
0.15394	10
0.15395	7
0.15396	1
0.15399	2
0.15401	1
0.15402	1
0.15403	3
0.15404	1
0.15405	6
0.15406	8
0.15408	1
0.1541	14
0.15411	4
0.15412	1
0.15414	1
0.15415	5
0.15417	1
0.15418	1
0.15423	1
0.15424	7
0.15425	24
0.15426	22
0.15427	2
0.15428	6
0.15429	4
0.15431	11
0.15432	4
0.15433	2
0.15434	3
0.15435	3
0.15438	3
0.15439	2
0.15443	81
0.15444	1
0.15446	2
0.15447	3
0.1545	1
0.15451	1
0.15455	1
0.15456	3
0.15457	13
0.15458	4
0.1546	3
0.15465	1
0.15466	4
0.15467	1
0.15468	1
0.15472	1
0.15473	2
0.15475	27
0.15476	1
0.15478	2
0.15479	1
0.15481	1
0.15482	4
0.15483	6
0.15484	2
0.15485	22
0.15487	18
0.1549	1
0.15491	1
0.15493	2
0.15494	1
0.15495	7
0.15496	1
0.15498	2
0.155	3
0.15501	2
0.15502	1
0.15504	6
0.15505	1
0.15506	2
0.15507	1
0.1551	7
0.15511	3
0.15512	9
0.15513	1
0.15514	1
0.15515	1
0.15516	14
0.15518	5
0.1552	6
0.15521	3
0.15523	1
0.15526	10
0.15527	1
0.1553	1
0.15532	19
0.15536	1
0.15538	5
0.15539	5
0.15541	1
0.15547	1
0.15548	1
0.15549	4
0.1555	1
0.15551	1
0.15555	19
0.15556	1
0.15564	1
0.15565	18
0.15566	15
0.1557	43
0.15571	2
0.15573	14
0.15576	1
0.15577	2
0.15578	1
0.15579	3
0.15581	2
0.15585	2
0.15586	2
0.15587	1
0.15591	3
0.15595	3
0.15596	1
0.15599	1
0.156	1
0.15603	1
0.15604	4
0.15606	2
0.15607	4
0.15608	1
0.15611	1
0.15612	3
0.15614	1
0.15615	3
0.15619	2
0.1562	2
0.15623	1
0.15624	2
0.15626	2
0.15631	8
0.15632	3
0.15633	1
0.15636	1
0.15637	21
0.15638	1
0.15639	18
0.15642	2
0.15643	3
0.15649	20
0.15652	1
0.15653	2
0.15656	3
0.15666	3
0.15667	4
0.15674	1
0.15676	4
0.15678	6
0.15679	1
0.1568	1
0.15681	1
0.15682	5
0.15686	2
0.15688	1
0.15691	2
0.15693	8
0.15694	1
0.15696	1
0.15697	2
0.15702	5
0.15703	1
0.15704	1
0.15705	2
0.15707	1
0.15708	14
0.15712	3
0.15713	1
0.15714	2
0.15728	15
0.1573	1
0.15731	1
0.15738	6
0.15741	1
0.15748	2
0.15749	1
0.15751	3
0.15753	1
0.15756	1
0.15763	1
0.15764	1
0.15766	1
0.15767	5
0.15768	5
0.1577	27
0.15773	8
0.15774	2
0.15775	1
0.15777	1
0.15778	1
0.15781	1
0.15787	1
0.15789	5
0.15796	1
0.15798	1
0.15799	1
0.15801	1
0.15807	6
0.15813	1
0.15821	1
0.1583	1
0.15832	1
0.1585	1
0.15851	9
0.15854	1
0.15861	1
0.15862	2
0.15868	6
0.15874	8
0.15876	1
0.15878	1
0.15879	1
0.1588	1
0.15881	1
0.15885	7
0.15889	1
0.15901	1
0.15905	2
0.15907	1
0.15914	3
0.15916	12
0.15917	1
0.15923	1
0.15936	5
0.15962	1
0.15964	1
0.15965	1
0.1597	1
0.15971	2
0.15973	1
0.15974	1
0.15977	1
0.15982	1
0.15984	3
0.15994	1
0.15996	3
0.15997	2
0.16002	1
0.16004	1
0.16014	1
0.1602	1
0.16021	1
0.16023	1
0.16024	3
0.16027	2
0.16035	2
0.16039	2
0.16043	1
0.16046	4
0.16047	2
0.16051	1
0.16053	1
0.16065	14
0.16072	1
0.16075	1
0.16082	1
0.16086	1
0.16112	1
0.16122	2
0.16123	1
0.16129	1
0.16133	9
0.16146	1
0.16149	1
0.16155	1
0.16178	1
0.16183	1
0.16184	1
0.16191	1
0.16206	1
0.16208	1
0.1621	5
0.16213	3
0.16214	10
0.16229	1
0.16252	1
0.16271	4
0.16275	2
0.16277	2
0.16281	1
0.16284	1
0.16314	1
0.16316	1
0.16318	2
0.16328	2
0.16335	1
0.16339	1
0.16342	4
0.16351	1
0.16369	1
0.16373	1
0.16383	1
0.16411	2
0.16417	1
0.16419	1
0.1642	1
0.16445	1
0.16447	2
0.16463	1
0.16477	1
0.16482	1
0.16483	1
0.16498	1
0.16507	1
0.16513	2
0.16518	1
0.16536	1
0.1654	1
0.16549	1
0.16553	1
0.16558	1
0.16568	3
0.1657	2
0.16576	1
0.16583	1
0.16598	1
0.16599	1
0.16632	1
0.16639	3
0.1664	1
0.16684	1
0.16699	2
0.16701	1
0.16711	1
0.16729	1
0.16736	1
0.16738	1
0.16739	1
0.16748	1
0.16749	1
0.16763	1
0.16784	1
0.16818	1
0.16827	7
0.16832	1
0.16837	1
0.16865	1
0.16881	8
0.16921	3
0.16967	5
0.16968	5
0.16979	1
0.16985	1
0.17027	1
0.1704	1
0.17048	1
0.17053	1
0.17082	7
0.17091	1
0.17119	1
0.17145	2
0.17221	3
0.17222	1
0.1726	1
0.17267	1
0.17296	1
0.17299	1
0.17311	1
0.17321	1
0.17332	1
0.1734	1
0.1735	1
0.17373	1
0.17449	1
0.17482	1
0.17552	1
0.17558	1
0.17559	1
0.17574	1
0.17579	1
0.17582	2
0.17605	1
0.17622	1
0.17646	1
0.17651	1
0.17663	1
0.17692	1
0.17693	1
0.17725	1
0.17779	1
0.17803	5
0.17831	1
0.17833	1
0.17851	2
0.17964	1
0.18008	1
0.1801	12
0.18012	1
0.18034	1
0.18041	1
0.18045	1
0.18098	254
0.18099	1
0.18117	1
0.18121	1
0.18133	1
0.18134	2
0.18137	1
0.1814	1
0.18144	32
0.18147	1
0.18149	1
0.18157	1
0.18164	1
0.18175	1
0.18216	1
0.1823	1
0.18236	1
0.18238	1
0.18252	3
0.18254	1
0.18256	2
0.18258	2
0.18278	1
0.18282	1
0.18287	1
0.18288	1
0.18336	1
0.18347	6
0.18387	55
0.18392	1
0.18395	1
0.18403	2
0.18411	1
0.18427	4
0.18449	1
0.18466	1
0.18485	2
0.18491	1
0.18527	1
0.18535	1
0.18545	1
0.18557	2
0.18599	3
0.18621	1
0.18634	1
0.1864	1
0.1865	257
0.18675	2
0.1868	1
0.187	1
0.18744	1
0.18753	1
0.18762	1
0.18765	1
0.18794	1
0.18796	1
0.18804	1
0.18811	7
0.18815	1
0.18828	1
0.1883	1
0.18839	1
0.1889	8
0.189	1
0.19007	1
0.19014	2
0.1905	1
0.19103	1
0.19139	1
0.19177	1
0.19199	1
0.19202	1
0.19224	2
0.1925	3
0.19264	1
0.19272	1
0.19406	1
0.19407	1
0.19441	1
0.19516	1
0.19528	1
0.19545	2
0.19594	1
0.19618	1
0.19653	1
0.19676	1
0.19759	1
0.19843	1
0.19914	1
0.19917	1
0.19924	2
0.1998	1
0.19994	1
0.20049	1
0.20075	1
0.20078	2
0.201	2
0.20101	1
0.20149	1
0.20221	1
0.20326	1
0.20329	1
0.20354	1
0.2037	1
0.20479	1
0.20502	1
0.2052	1
0.20663	1
0.20709	1
0.20733	2
0.20985	1
0.21019	2
0.21154	1
0.21196	12
0.21288	8
0.21532	1
0.21694	1
0.21773	3
0.22197	2
0.22301	12
0.22674	1
0.22684	1
0.22707	6
0.2278	8
0.22809	1
0.22843	1
0.2288	1
0.22893	1
0.22985	1
0.23022	3
0.23032	1
0.23347	1
0.23376	1
0.23542	1
0.23742	2
0.23855	1
0.24037	1
0.2407	1
0.24095	1
0.2411	1
0.24294	1
0.24346	1
0.24383	3
0.24396	1
0.24771	1
0.24866	1
0.24932	1
0.25159	1
0.25295	1
0.25315	1
0.25417	1
0.2566	1
0.25863	1
0.25951	1
0.26459	1
0.26596	1
0.26787	1
0.27192	1
0.27577	4
0.27655	1
0.27658	1
0.27816	1
0.27948	1
0.28228	1
0.28528	1
0.29364	1
0.2967	1
0.30929	1
0.31011	1
0.31637	1
0.31946	1
0.32831	1
0.33444	1
0.34079	1
0.34245	1
0.38242	1
0.38534	2
0.38565	1
0.38746	1
0.39658	1
0.40164	1
0.4021	7
0.40256	1
0.40367	1
0.41144	1
0.42695	1
0.44616	7
0.44916	1
0.48729	1
0.52468	1
0.55145	1
0.56212	1
0.58319	1
0.59147	1
0.59223	1
0.59793	1
0.60335	1
0.60826	1
0.61843	1
0.61951	1
0.62348	1
0.62776	1
0.62819	1
0.64247	1
0.69261	1
0.73664	1
0.77819	1
0.78729	1
