rank	number
0.15	1
0.150082	1490
0.150133	1129
0.150136	900
0.150138	1129
0.150163	1
0.150167	2
0.150177	10
0.150178	19
0.150205	3
0.150208	234
0.150212	3
0.150233	20
0.150251	34
0.150259	125
0.150265	212
0.150266	212
0.150267	143
0.150274	11
0.150275	18
0.150284	53
0.150291	8
0.150324	83
0.150325	493
0.150328	346
0.150332	75
0.150334	3
0.150335	205
0.150337	8
0.150341	67
0.150342	385
0.150346	2
0.15035	69
0.150351	109
0.150353	7
0.150354	4
0.150356	1
0.150357	32
0.150362	44
0.150363	19
0.150368	4
0.150372	125
0.150374	44
0.150375	19
0.15038	92
0.150389	224
0.15039	289
0.1504	13
0.150404	25
0.150408	291
0.150409	205
0.150413	2
0.150417	25
0.150421	108
0.150434	108
0.150449	134
0.15045	5
0.150457	8
0.150465	4
0.150466	65
0.150467	6
0.150469	215
0.150478	2
0.150479	4
0.15048	18
0.150482	103
0.150483	104
0.150484	27
0.150486	101
0.150487	47
0.150488	88
0.150489	208
0.15049	522
0.150491	105
0.150492	72
0.150493	16
0.150494	540
0.150496	18
0.150497	106
0.150498	198
0.150499	138
0.1505	15
0.150501	3
0.150502	156
0.150503	17
0.150505	208
0.150506	208
0.150507	532
0.150508	29
0.150509	13
0.15051	159
0.150512	42
0.150513	49
0.150514	65
0.150515	255
0.150516	15
0.150517	65
0.150518	39
0.150521	22
0.150522	11
0.150524	22
0.150525	28
0.150526	27
0.150527	11
0.150529	53
0.15053	16
0.150531	16
0.150532	29
0.150533	18
0.150534	37
0.150535	78
0.150537	222
0.150538	75
0.150539	11
0.15054	10
0.150541	1
0.150543	52
0.150544	35
0.150545	23
0.150547	53
0.150548	31
0.150549	56
0.15055	118
0.150553	5
0.150554	27
0.150555	11
0.150556	11
0.150557	16
0.150558	1
0.150559	225
0.15056	279
0.150561	23
0.150562	99
0.150563	47
0.150564	275
0.150566	22
0.150567	10
0.150568	107
0.150569	163
0.15057	311
0.150571	5
0.150573	20
0.150575	16
0.150577	241
0.150578	79
0.150579	13
0.15058	78
0.150582	34
0.150583	53
0.150584	54
0.150585	10
0.150586	2
0.150587	1
0.15059	40
0.150591	12
0.150593	12
0.150596	210
0.150602	3
0.150605	23
0.150606	1
0.150617	1
0.150622	47
0.150623	1
0.150624	5
0.150626	3
0.15063	3
0.150631	119
0.150633	118
0.15064	156
0.150642	11
0.150646	4
0.150648	23
0.150649	27
0.150654	31
0.150655	107
0.150656	30
0.150663	43
0.150664	35
0.150665	37
0.150667	11
0.150668	1
0.150669	23
0.15067	38
0.150673	11
0.150674	16
0.150675	55
0.15068	59
0.150681	4
0.150682	28
0.150687	1
0.150689	48
0.15069	2
0.150692	153
0.150693	16
0.150701	27
0.150702	164
0.150703	39
0.150707	165
0.15071	130
0.150712	8
0.150713	17
0.150714	3
0.150715	33
0.150718	109
0.150723	32
0.150724	69
0.150725	8
0.150727	9
0.150729	61
0.150736	72
0.15074	1
0.150743	49
0.150745	12
0.150747	19
0.150748	2
0.15075	2
0.150757	58
0.15076	2
0.150768	56
0.150769	27
0.15077	45
0.150772	9
0.150774	30
0.150776	1
0.150778	22
0.150779	14
0.150784	9
0.150785	61
0.150786	27
0.150787	74
0.150788	9
0.150792	1
0.150794	1
0.150796	9
0.150797	39
0.150798	18
0.150799	29
0.1508	132
0.150801	64
0.150808	18
0.150809	94
0.15081	5
0.150812	1
0.150813	43
0.150815	2
0.150817	1
0.150819	1
0.15082	3
0.150823	4
0.150824	1
0.150825	1
0.150827	23
0.150831	4
0.150835	30
0.150839	24
0.150841	105
0.150843	1
0.150844	20
0.150845	3
0.150846	1
0.150848	33
0.150849	139
0.15085	5
0.150851	1
0.150853	7
0.150854	1
0.150858	1
0.150859	67
0.15086	2
0.150863	64
0.150866	2
0.150867	1
0.150868	1
0.150869	78
0.15087	1
0.150871	87
0.150872	3
0.150873	1
0.150874	5
0.150875	49
0.150876	30
0.150877	17
0.150878	65
0.150879	13
0.15088	1
0.150883	62
0.150884	1
0.150886	1
0.150888	11
0.150889	1
0.15089	2
0.150891	4
0.150892	4
0.150895	7
0.150896	18
0.150897	182
0.150898	30
0.150901	4
0.150902	1
0.150903	1
0.150904	36
0.150907	86
0.150908	3
0.15091	16
0.150913	61
0.150914	54
0.150916	27
0.150917	8
0.15092	21
0.150922	27
0.150928	40
0.15093	1
0.150932	120
0.150934	67
0.150935	1
0.150936	43
0.150937	4
0.150938	12
0.150939	91
0.150941	106
0.150942	7
0.150945	28
0.150948	3
0.150952	44
0.150953	9
0.150955	5
0.150957	26
0.150958	10
0.150959	6
0.150961	6
0.150962	52
0.150963	14
0.150964	7
0.150965	26
0.150967	171
0.150968	35
0.150969	5
0.150972	23
0.150973	15
0.150974	124
0.150976	81
0.150977	35
0.150978	109
0.15098	51
0.150981	54
0.150982	49
0.150983	4
0.150984	15
0.150988	55
0.150989	10
0.150991	7
0.150992	105
0.150993	2
0.150994	50
0.150995	17
0.150996	27
0.150997	24
0.150999	9
0.151003	17
0.151004	7
0.151005	103
0.151006	1
0.151007	45
0.151009	138
0.15101	6
0.151011	3
0.151012	7
0.151013	35
0.151015	22
0.151016	1
0.15102	2
0.151022	5
0.151023	3
0.151025	1
0.151026	73
0.151027	156
0.151028	2
0.151029	44
0.15103	33
0.151031	135
0.151032	24
0.151033	4
0.151034	16
0.151035	5
0.151037	2
0.15104	40
0.151043	16
0.151048	2
0.151051	8
0.151052	22
0.151054	17
0.151056	39
0.151057	3
0.151058	2
0.15106	58
0.151062	1
0.151064	2
0.151065	25
0.151067	26
0.151068	35
0.151069	80
0.15107	66
0.151071	4
0.151072	5
0.151074	1
0.151075	39
0.151076	8
0.151077	4
0.151078	28
0.151079	31
0.151083	7
0.151085	1
0.151086	13
0.151088	6
0.15109	10
0.151091	5
0.151093	14
0.151094	1
0.151095	9
0.151097	12
0.151099	16
0.1511	26
0.151104	1
0.151105	1
0.15111	9
0.151111	1
0.151112	64
0.151115	15
0.151119	6
0.15112	6
0.151121	12
0.151122	2
0.151123	3
0.151125	2
0.151126	16
0.151127	94
0.151128	46
0.15113	3
0.151131	3
0.151133	2
0.151135	28
0.151137	4
0.151138	23
0.15114	10
0.151141	2
0.151143	40
0.151144	1
0.151145	12
0.151146	50
0.151147	13
0.151148	83
0.15115	2
0.151156	25
0.151159	51
0.151163	92
0.151165	7
0.151167	13
0.151168	27
0.151169	14
0.151173	1
0.151174	6
0.15118	52
0.151185	1
0.151192	15
0.151199	3
0.1512	4
0.151201	1
0.151208	27
0.151209	2
0.15121	4
0.151213	2
0.151215	1
0.151218	2
0.151219	1
0.15122	9
0.151221	1
0.151222	2
0.151225	13
0.151229	110
0.151238	1
0.151241	49
0.151245	2
0.151246	4
0.151247	2
0.151248	19
0.15125	1
0.151251	1
0.151252	23
0.151253	1
0.151254	2
0.151255	2
0.15126	15
0.151262	21
0.151266	5
0.151277	1
0.151279	1
0.15128	23
0.151282	19
0.151284	3
0.151286	4
0.151288	1
0.15129	1
0.151292	18
0.151294	2
0.151295	2
0.151299	1
0.151306	3
0.151308	1
0.151309	88
0.15131	7
0.151313	1
0.151322	3
0.151327	3
0.151328	3
0.151329	3
0.15133	7
0.151334	3
0.151336	4
0.151337	2
0.151338	1
0.15134	12
0.151341	1
0.151346	1
0.151348	3
0.15135	3
0.151351	1
0.151354	6
0.151355	1
0.151359	2
0.151361	30
0.151363	3
0.151364	1
0.151365	5
0.151366	3
0.15137	5
0.151373	1
0.151377	9
0.151378	4
0.151379	4
0.15138	17
0.151383	11
0.151384	1
0.15139	27
0.151392	1
0.151393	27
0.151395	11
0.151397	1
0.151401	5
0.151403	56
0.151404	6
0.151405	1
0.151407	4
0.151409	2
0.151411	1
0.151412	3
0.151414	5
0.151416	3
0.15142	8
0.151421	3
0.151422	1
0.151426	3
0.151432	2
0.151433	1
0.151437	7
0.151438	1
0.151441	12
0.151445	5
0.151446	1
0.151447	120
0.151448	67
0.151449	5
0.15145	1
0.151451	1
0.151452	7
0.151457	6
0.151458	11
0.15146	10
0.151463	1
0.151464	1
0.151469	3
0.151471	43
0.151472	5
0.151473	2
0.151475	3
0.151478	4
0.15148	1
0.151481	2
0.151487	19
0.151488	70
0.151489	2
0.15149	6
0.151491	11
0.151492	2
0.151493	2
0.151494	13
0.151495	49
0.151496	19
0.151497	3
0.151498	7
0.151499	2
0.151502	2
0.151503	2
0.151504	4
0.151505	11
0.151506	3
0.151507	5
0.151508	2
0.151509	1
0.15151	103
0.151511	2
0.151513	28
0.151515	2
0.151517	1
0.151518	2
0.151519	2
0.15152	6
0.151521	3
0.151522	2
0.151525	4
0.151526	17
0.151527	58
0.151528	2
0.151529	3
0.15153	2
0.151531	11
0.151532	1
0.151533	3
0.151535	3
0.151536	1
0.151537	2
0.151538	6
0.151539	4
0.15154	2
0.151542	2
0.151543	2
0.151544	87
0.151545	1
0.151549	2
0.151551	2
0.151552	3
0.151553	1
0.151555	2
0.151556	6
0.151557	1
0.151559	5
0.15156	1
0.151561	2
0.151566	2
0.151568	36
0.15157	63
0.151571	6
0.151574	10
0.151575	8
0.151576	6
0.151577	3
0.151578	3
0.151582	8
0.151584	5
0.151585	1
0.151586	4
0.151588	1
0.151589	3
0.15159	3
0.151591	3
0.151592	3
0.151593	1
0.151595	2
0.151597	13
0.151598	1
0.151599	94
0.1516	6
0.151602	35
0.151606	2
0.151607	3
0.151613	7
0.151616	6
0.151618	5
0.15162	4
0.151621	1
0.151624	1
0.151625	2
0.151627	1
0.151629	26
0.15163	2
0.151634	1
0.151636	1
0.151637	2
0.15164	2
0.151641	2
0.151646	6
0.151649	14
0.151651	2
0.151653	2
0.151654	8
0.151655	35
0.151659	24
0.151669	7
0.151676	2
0.151677	5
0.151682	13
0.151683	66
0.151686	1
0.151687	1
0.151689	1
0.151691	8
0.151694	39
0.151696	8
0.151697	5
0.151698	11
0.151699	1
0.151702	1
0.151703	6
0.151705	9
0.151707	2
0.151708	1
0.15171	3
0.151712	1
0.151713	4
0.151717	1
0.151719	1
0.15172	3
0.151722	40
0.151725	6
0.151726	3
0.151729	3
0.15173	3
0.151732	9
0.151736	15
0.151737	1
0.151738	1
0.151739	4
0.151741	21
0.151742	1
0.151745	51
0.151746	23
0.151748	2
0.15175	2
0.151751	29
0.151752	3
0.151753	4
0.151754	86
0.151755	9
0.151756	12
0.151757	1
0.151758	32
0.151765	1
0.151767	14
0.151771	1
0.151775	11
0.151776	3
0.151777	1
0.151778	1
0.151779	11
0.15178	7
0.151782	92
0.151783	15
0.151785	3
0.151787	3
0.151788	4
0.151789	16
0.151792	1
0.151793	11
0.151794	96
0.151795	64
0.151796	69
0.151797	2
0.151798	8
0.151802	1
0.151805	8
0.151809	10
0.15181	3
0.151811	2
0.151813	1
0.151814	24
0.151815	11
0.151816	2
0.151817	2
0.151821	2
0.151822	3
0.151823	3
0.151824	4
0.151825	1
0.151827	11
0.151829	2
0.15183	1
0.151832	4
0.151833	10
0.151835	33
0.151837	20
0.151841	5
0.151843	8
0.151845	1
0.151846	31
0.151847	23
0.151854	2
0.151855	2
0.151856	9
0.151858	5
0.151859	15
0.15186	2
0.151861	1
0.151862	1
0.151864	46
0.151865	21
0.151866	15
0.151867	4
0.151869	1
0.151872	7
0.151873	4
0.151875	24
0.151877	6
0.151878	10
0.15188	8
0.151881	1
0.151882	15
0.151884	1
0.151885	27
0.151889	24
0.151891	8
0.151892	3
0.151894	6
0.151895	7
0.151897	6
0.151899	1
0.151905	9
0.15191	2
0.151913	2
0.151915	4
0.151916	40
0.151917	5
0.151918	6
0.151919	2
0.15192	5
0.151921	1
0.151922	4
0.151924	12
0.151926	10
0.151928	8
0.151931	16
0.151933	1
0.151935	4
0.151938	2
0.151945	16
0.151947	15
0.151948	1
0.151951	8
0.151952	5
0.151954	2
0.151955	13
0.151956	13
0.151957	16
0.151958	1
0.15196	7
0.151962	8
0.151963	11
0.151973	2
0.151974	4
0.151976	13
0.151977	24
0.151983	10
0.151984	17
0.151987	7
0.151988	14
0.151989	1
0.15199	10
0.151991	3
0.151992	24
0.151994	4
0.151995	18
0.151997	7
0.151998	13
0.151999	3
0.152004	3
0.152007	15
0.152009	8
0.15201	5
0.152011	18
0.152013	58
0.152014	1
0.152015	4
0.152018	12
0.15202	5
0.152022	8
0.152024	4
0.152026	16
0.152028	18
0.152029	1
0.15203	14
0.152032	2
0.152034	4
0.152036	2
0.15204	1
0.152041	1
0.152042	4
0.152045	2
0.15205	1
0.152051	6
0.152052	46
0.152053	5
0.152054	3
0.152056	7
0.152057	1
0.152058	18
0.152059	1
0.152062	4
0.152064	3
0.152067	2
0.152068	7
0.15207	1
0.152071	9
0.152075	6
0.15208	2
0.152081	1
0.152083	3
0.152085	1
0.152087	1
0.152089	1
0.152091	2
0.152092	8
0.152093	1
0.152094	1
0.152096	7
0.152097	1
0.152098	26
0.152101	2
0.152102	1
0.152105	10
0.152106	1
0.152107	4
0.152108	2
0.152111	1
0.152112	3
0.15212	14
0.152124	1
0.152125	2
0.152129	22
0.152132	3
0.152133	1
0.152135	1
0.152139	1
0.152142	12
0.152151	11
0.152153	17
0.152155	3
0.152156	1
0.152157	1
0.152159	3
0.152166	8
0.152167	2
0.152169	1
0.15217	1
0.152172	11
0.152175	5
0.152178	6
0.152179	1
0.15218	1
0.152183	1
0.152185	2
0.152187	7
0.15219	2
0.152192	2
0.152193	1
0.152197	1
0.152198	9
0.152202	1
0.152206	6
0.152207	5
0.152208	1
0.152216	12
0.15222	1
0.152221	2
0.152223	8
0.152229	4
0.15223	2
0.152235	12
0.152238	1
0.15224	1
0.152242	7
0.152248	10
0.152249	1
0.152251	6
0.152253	5
0.152255	37
0.152257	1
0.152259	3
0.152263	175
0.152265	6
0.152268	3
0.15227	9
0.152273	1
0.152274	2
0.152276	2
0.15228	1
0.152282	2
0.152284	10
0.152287	2
0.152288	6
0.15229	2
0.152292	7
0.152295	10
0.152303	37
0.152304	1
0.152305	11
0.152308	3
0.152318	11
0.15232	10
0.152321	3
0.152323	11
0.152326	1
0.152327	7
0.152328	3
0.152329	1
0.15233	2
0.152337	14
0.152343	4
0.152344	2
0.152346	4
0.152348	3
0.152354	2
0.152355	3
0.15236	10
0.152369	1
0.152371	1
0.152373	3
0.152378	1
0.152379	1
0.152381	1
0.152382	4
0.152384	1
0.152387	2
0.152389	3
0.152392	8
0.152394	1
0.152395	2
0.1524	13
0.152402	3
0.152404	14
0.152405	1
0.152408	4
0.152409	2
0.15241	2
0.152411	8
0.152412	1
0.152413	7
0.152415	1
0.152416	1
0.152417	1
0.152418	1
0.152419	1
0.15242	1
0.152422	5
0.152423	3
0.152427	1
0.152434	2
0.152437	1
0.15244	5
0.152441	3
0.152445	1
0.152449	5
0.152457	1
0.152458	8
0.15246	44
0.152469	1
0.152473	8
0.152475	1
0.15248	4
0.152481	2
0.152482	8
0.152485	4
0.152486	2
0.152487	3
0.152488	11
0.152489	1
0.15249	14
0.152491	8
0.152492	9
0.152493	2
0.152494	1
0.152496	11
0.152499	4
0.152502	3
0.152504	15
0.152505	1
0.152506	29
0.152507	11
0.152511	4
0.152517	2
0.152521	16
0.152523	3
0.152524	3
0.152525	2
0.152533	1
0.152536	2
0.15254	7
0.152545	3
0.152546	4
0.152548	4
0.152558	36
0.15256	3
0.152561	1
0.152564	5
0.152567	25
0.15257	1
0.152574	1
0.152575	14
0.152577	8
0.152579	2
0.152581	1
0.152584	14
0.15259	1
0.152592	1
0.152602	1
0.152604	1
0.152612	1
0.152617	6
0.152618	39
0.152619	4
0.152621	6
0.152625	1
0.152631	1
0.152637	1
0.152639	2
0.152642	5
0.152655	1
0.152659	4
0.152663	7
0.152664	1
0.152665	3
0.152671	1
0.152672	28
0.152674	2
0.152675	1
0.152677	37
0.152688	1
0.15269	4
0.152691	2
0.152692	3
0.152693	2
0.152695	9
0.152699	3
0.152701	15
0.152702	1
0.152704	1
0.152706	1
0.152707	3
0.152708	3
0.152709	7
0.152711	3
0.152712	4
0.15272	22
0.152722	8
0.152723	1
0.152724	1
0.152729	2
0.152732	1
0.152733	1
0.152735	1
0.152737	2
0.152739	1
0.15274	2
0.152748	1
0.152749	3
0.152751	4
0.152752	5
0.152757	2
0.152758	43
0.152759	2
0.152761	1
0.152762	38
0.152765	1
0.152767	4
0.152772	4
0.152773	9
0.152774	1
0.152779	15
0.15278	1
0.152781	8
0.152782	2
0.152784	1
0.152785	4
0.152787	9
0.152789	25
0.152791	2
0.152792	2
0.152794	1
0.152795	4
0.152796	10
0.152798	1
0.152799	4
0.152801	3
0.152815	1
0.152817	1
0.152819	1
0.152821	8
0.152825	1
0.152831	2
0.152836	1
0.152837	1
0.152838	1
0.152843	1
0.152844	36
0.152848	1
0.15285	1
0.152852	1
0.152854	4
0.152855	2
0.152857	1
0.15286	4
0.152862	1
0.152864	1
0.152872	3
0.152875	19
0.152879	1
0.152881	1
0.152884	6
0.152885	8
0.152893	27
0.1529	1
0.152903	4
0.152907	2
0.152912	4
0.152913	1
0.152916	1
0.152917	14
0.152921	5
0.152922	2
0.152928	1
0.15293	1
0.152931	6
0.152937	8
0.152942	14
0.152956	8
0.152957	1
0.152958	1
0.15296	2
0.152961	1
0.152964	2
0.152973	4
0.152976	23
0.152979	8
0.15298	1
0.152985	1
0.152987	1
0.152989	37
0.15299	1
0.152992	14
0.152997	1
0.153005	1
0.153006	1
0.153009	4
0.153016	4
0.153017	4
0.153018	3
0.153021	8
0.153024	1
0.153025	1
0.153027	10
0.153028	1
0.153031	2
0.153036	1
0.153037	1
0.153041	1
0.153042	1
0.153043	1
0.153047	1
0.153052	1
0.153053	5
0.153055	8
0.153056	3
0.153057	1
0.153058	2
0.153059	1
0.153071	1
0.153072	1
0.153073	1
0.153074	3
0.153076	15
0.153077	5
0.153078	3
0.153079	8
0.153081	1
0.153082	4
0.153084	2
0.153086	1
0.153087	7
0.153092	1
0.153093	1
0.153095	3
0.153098	3
0.153107	2
0.153108	2
0.153115	1
0.153116	19
0.153118	1
0.153121	1
0.15313	101
0.153132	1
0.153134	1
0.153135	3
0.15314	2
0.153142	50
0.153156	2
0.153162	1
0.153164	1
0.153169	11
0.153173	1
0.153176	2
0.153177	1
0.153181	3
0.153185	1
0.153186	2
0.153188	37
0.153189	2
0.15319	3
0.153192	2
0.153194	1
0.153198	13
0.153199	2
0.153203	16
0.153205	1
0.153214	13
0.153225	1
0.153226	7
0.153235	4
0.153238	1
0.153241	2
0.153246	1
0.153253	5
0.153256	1
0.153263	12
0.153265	1
0.153267	1
0.153268	1
0.153269	1
0.153273	5
0.153275	5
0.153277	10
0.153278	1
0.153282	1
0.153291	3
0.153292	1
0.153296	1
0.153297	1
0.15331	1
0.153311	1
0.153319	5
0.15332	1
0.153321	4
0.153323	6
0.153324	1
0.153331	1
0.153335	13
0.153341	1
0.153342	1
0.15335	1
0.153353	6
0.153355	10
0.153357	10
0.15336	12
0.153362	5
0.153363	3
0.153365	3
0.153366	4
0.153375	4
0.153382	6
0.153385	1
0.153389	9
0.15339	1
0.153393	1
0.153396	1
0.153402	3
0.153403	1
0.153406	6
0.153414	1
0.153417	1
0.153419	9
0.153425	28
0.153426	1
0.153434	3
0.15344	1
0.153442	10
0.153443	3
0.153448	2
0.153451	1
0.153461	1
0.15347	3
0.153473	1
0.153475	1
0.153476	1
0.153479	1
0.153481	1
0.153482	1
0.153484	1
0.153486	1
0.153487	2
0.153488	6
0.15349	3
0.153491	1
0.153492	21
0.153493	1
0.153502	19
0.153507	2
0.153508	1
0.153513	1
0.153521	2
0.153524	1
0.15353	2
0.153531	5
0.153539	16
0.153546	1
0.153553	6
0.153554	3
0.153555	1
0.153558	2
0.153562	4
0.153571	1
0.153572	1
0.153575	1
0.153576	3
0.153578	6
0.15358	40
0.153582	1
0.153586	2
0.153587	9
0.153588	8
0.153589	16
0.15359	9
0.153591	1
0.153596	2
0.153598	2
0.153599	4
0.1536	8
0.153601	1
0.153611	1
0.153613	6
0.153617	3
0.153626	1
0.153629	3
0.153633	5
0.153636	1
0.153641	1
0.153645	1
0.153652	76
0.153654	1
0.153655	5
0.153667	1
0.15367	5
0.153673	5
0.153674	1
0.15368	27
0.15369	2
0.153693	1
0.153694	3
0.153695	2
0.153698	2
0.153703	1
0.153707	1
0.153709	3
0.15371	1
0.153715	1
0.153718	8
0.153719	16
0.153721	9
0.153722	2
0.153726	2
0.153727	2
0.153728	3
0.153731	19
0.153732	15
0.153734	1
0.153735	1
0.153738	1
0.153744	1
0.153749	6
0.153753	1
0.153756	1
0.153757	1
0.153758	1
0.153759	7
0.15376	1
0.153764	31
0.153771	3
0.153779	1
0.153784	1
0.153792	1
0.153827	1
0.153828	14
0.153834	1
0.153838	9
0.15384	1
0.153843	3
0.153844	6
0.153848	1
0.153862	6
0.153878	4
0.153889	6
0.15389	1
0.153897	1
0.1539	1
0.153903	1
0.153913	1
0.153914	6
0.153915	2
0.153927	16
0.153935	2
0.153937	10
0.153938	3
0.153944	1
0.15395	1
0.153952	22
0.15396	1
0.153961	5
0.153965	2
0.153976	1
0.153979	1
0.15398	1
0.153981	3
0.153985	7
0.153986	1
0.153987	1
0.153988	2
0.153989	1
0.153997	1
0.154005	1
0.154006	1
0.154008	1
0.154016	3
0.154024	1
0.154025	9
0.154027	1
0.154029	1
0.154031	2
0.154032	1
0.154037	18
0.154046	5
0.154052	1
0.154064	2
0.154069	1
0.15407	1
0.154079	1
0.154083	1
0.154092	2
0.154104	3
0.154112	1
0.154113	1
0.154114	1
0.154115	2
0.154116	1
0.154121	1
0.154123	54
0.154124	1
0.154137	1
0.154138	1
0.154139	1
0.154142	14
0.154143	1
0.154157	3
0.154158	34
0.154159	1
0.154161	1
0.154171	2
0.154178	4
0.154182	1
0.154191	1
0.154195	2
0.154203	1
0.154204	1
0.154205	76
0.154208	1
0.154227	1
0.154238	1
0.154241	5
0.154248	1
0.15425	5
0.154253	1
0.154259	10
0.154261	1
0.154279	6
0.154285	4
0.154287	1
0.154293	3
0.1543	6
0.154301	2
0.154305	1
0.154306	2
0.154307	1
0.154308	3
0.154311	21
0.154327	2
0.154328	1
0.154329	2
0.15433	22
0.154334	3
0.154335	1
0.154344	1
0.154348	1
0.15435	1
0.154353	81
0.154355	1
0.154356	1
0.154358	1
0.154364	2
0.154373	1
0.154392	1
0.154396	1
0.154398	1
0.154401	1
0.154412	1
0.154414	1
0.154427	1
0.154433	2
0.154439	4
0.15444	1
0.154441	1
0.154447	3
0.154458	1
0.154463	1
0.154464	1
0.154467	2
0.154469	2
0.154482	1
0.154484	2
0.154485	1
0.154486	82
0.154487	1
0.154489	2
0.154493	1
0.154496	21
0.1545	1
0.154508	1
0.154509	1
0.15451	3
0.154513	1
0.154514	1
0.15452	1
0.154521	4
0.154526	33
0.154531	9
0.154533	1
0.154538	1
0.15454	1
0.154541	2
0.154568	55
0.154572	1
0.154577	1
0.154578	4
0.15458	1
0.15459	6
0.154591	5
0.154594	8
0.154595	10
0.154596	5
0.154626	1
0.154628	1
0.154629	1
0.154636	2
0.15464	21
0.154641	1
0.154646	2
0.154656	5
0.154659	1
0.15466	1
0.154661	2
0.154662	2
0.154684	1
0.154695	2
0.154699	3
0.154705	2
0.154708	3
0.154711	1
0.154719	2
0.154722	1
0.154726	2
0.154727	1
0.154729	1
0.154733	1
0.154734	1
0.154737	1
0.154753	5
0.154755	5
0.154758	10
0.154759	11
0.154761	41
0.154762	1
0.154765	1
0.154771	1
0.154791	1
0.15481	1
0.154811	3
0.154813	2
0.154822	1
0.154825	1
0.154834	3
0.154836	1
0.154841	3
0.154873	1
0.154876	2
0.154879	3
0.15488	1
0.154919	3
0.154921	2
0.154923	1
0.154937	3
0.154938	1
0.154939	1
0.154944	55
0.154948	5
0.154963	7
0.154974	1
0.15498	1
0.154982	1
0.154988	1
0.154993	1
0.155008	1
0.155012	3
0.155014	1
0.15502	5
0.155024	1
0.155027	2
0.155034	1
0.155041	1
0.155049	2
0.155054	1
0.155081	3
0.155086	1
0.155087	23
0.155096	1
0.155098	1
0.155099	1
0.155109	1
0.155112	1
0.155116	5
0.155117	1
0.15513	1
0.155138	1
0.15514	2
0.155141	1
0.155148	1
0.155153	1
0.155158	1
0.155168	2
0.155181	7
0.155199	1
0.155224	1
0.155226	1
0.155227	2
0.155233	1
0.155254	2
0.155259	1
0.15527	2
0.155282	1
0.155288	1
0.155291	1
0.155293	1
0.155301	2
0.15531	1
0.155319	1
0.155324	50
0.155325	3
0.155333	17
0.155337	38
0.155342	1
0.155354	7
0.155358	1
0.155363	34
0.155381	3
0.155384	1
0.155386	2
0.155389	1
0.155391	2
0.155401	3
0.155403	1
0.155419	1
0.155432	1
0.155435	1
0.155444	1
0.155455	2
0.155458	1
0.155464	1
0.155481	48
0.155482	1
0.1555	3
0.155507	2
0.155513	7
0.155516	1
0.155522	1
0.155525	6
0.155541	2
0.155565	19
0.155571	3
0.155573	1
0.155578	14
0.155598	5
0.155602	1
0.155606	1
0.15563	1
0.155632	1
0.155636	1
0.155656	1
0.155657	1
0.155664	54
0.155665	2
0.155668	5
0.155676	1
0.155688	4
0.155714	3
0.155746	1
0.155748	1
0.155767	6
0.155786	1
0.155796	1
0.155829	1
0.15584	1
0.155841	1
0.155846	1
0.155849	1
0.155874	2
0.155883	1
0.155886	1
0.155891	19
0.155894	1
0.155907	2
0.155909	1
0.155912	1
0.155926	22
0.15593	3
0.155934	1
0.155936	1
0.15596	1
0.155978	1
0.155979	1
0.155984	1
0.155988	42
0.15599	2
0.156011	1
0.156034	1
0.156038	3
0.15604	1
0.156047	2
0.156052	7
0.156054	1
0.156061	2
0.156078	1
0.156088	3
0.156093	1
0.156098	1
0.156107	2
0.156108	1
0.15611	1
0.156111	1
0.156123	3
0.156126	1
0.156139	4
0.156161	18
0.156172	4
0.156173	2
0.156178	4
0.15619	3
0.156197	4
0.156202	2
0.156204	1
0.156208	2
0.156211	1
0.156213	3
0.156224	3
0.156232	19
0.156233	1
0.156236	2
0.156245	10
0.156263	15
0.15627	1
0.156272	2
0.156279	2
0.156281	1
0.156284	1
0.156288	2
0.156289	2
0.156301	1
0.156302	1
0.156312	1
0.156322	2
0.156327	1
0.156328	3
0.156337	1
0.156345	1
0.156352	1
0.156357	1
0.156361	2
0.156375	1
0.156391	1
0.156396	1
0.156399	34
0.156406	8
0.156421	1
0.156427	1
0.156431	2
0.156433	2
0.156434	1
0.156435	6
0.156453	1
0.156456	1
0.156465	1
0.156466	3
0.156496	1
0.156497	1
0.156502	2
0.156505	1
0.156525	1
0.156531	1
0.156556	1
0.156576	1
0.156581	1
0.156583	1
0.156585	1
0.156588	1
0.156596	1
0.156635	1
0.156646	1
0.156648	11
0.156671	5
0.156672	3
0.156681	1
0.156683	1
0.156685	14
0.156721	1
0.15673	1
0.156742	10
0.156744	5
0.156759	1
0.156769	21
0.156772	1
0.156777	4
0.156781	2
0.156789	3
0.156805	4
0.156826	2
0.156832	1
0.156852	1
0.156854	3
0.156863	1
0.156874	1
0.156884	5
0.156886	1
0.156902	1
0.156906	1
0.156917	2
0.15692	1
0.156926	1
0.156931	1
0.156949	1
0.156958	1
0.15696	5
0.156964	2
0.156971	1
0.15698	20
0.157008	1
0.157054	1
0.157065	1
0.157079	2
0.157089	1
0.1571	1
0.157119	1
0.157153	1
0.157155	1
0.157159	3
0.157165	3
0.15717	4
0.157187	1
0.1572	1
0.157211	1
0.157215	1
0.157226	1
0.157232	1
0.157244	8
0.157253	2
0.157257	10
0.157285	3
0.157304	35
0.157382	3
0.157394	1
0.157405	1
0.157411	1
0.157422	1
0.157439	1
0.157463	6
0.15748	1
0.157529	9
0.157548	6
0.157565	1
0.157568	1
0.157594	1
0.157599	14
0.157608	1
0.157625	8
0.157629	1
0.157643	1
0.157645	1
0.157647	4
0.157691	1
0.157702	2
0.157709	1
0.157719	1
0.157767	1
0.157777	1
0.157778	1
0.157796	1
0.157809	1
0.157848	2
0.157865	1
0.157881	1
0.157928	7
0.157948	1
0.157959	1
0.157965	1
0.157976	1
0.157989	2
0.158028	3
0.158029	1
0.158031	4
0.158033	1
0.15805	3
0.158052	1
0.158054	2
0.158058	1
0.158061	2
0.158079	1
0.158081	1
0.158099	3
0.158105	1
0.158111	1
0.15812	3
0.158129	4
0.158139	1
0.158151	1
0.158165	1
0.158176	1
0.158232	1
0.158236	1
0.158245	15
0.158259	1
0.158287	4
0.158316	5
0.158339	3
0.158345	1
0.158346	2
0.158355	3
0.158356	1
0.158398	3
0.158408	1
0.158411	8
0.158429	1
0.158444	1
0.158482	1
0.158486	1
0.158488	2
0.158492	1
0.158493	1
0.158495	2
0.158531	11
0.1586	1
0.158609	2
0.158614	2
0.158679	1
0.15873	1
0.158732	1
0.158783	1
0.158836	7
0.158843	2
0.158913	2
0.158921	1
0.158972	7
0.159017	1
0.159022	1
0.159027	1
0.159049	3
0.159052	1
0.159053	4
0.159063	1
0.159109	1
0.159127	1
0.159136	20
0.15916	12
0.159207	1
0.159224	1
0.159285	1
0.159305	1
0.159337	1
0.159381	1
0.159392	3
0.159397	1
0.159398	2
0.159437	1
0.159508	1
0.159515	1
0.159519	1
0.159523	15
0.15955	1
0.159562	3
0.159582	2
0.159599	1
0.159617	1
0.159623	3
0.159671	1
0.159687	1
0.15969	2
0.15972	1
0.15975	2
0.159761	1
0.159774	1
0.159847	3
0.159888	9
0.159893	1
0.159898	1
0.159916	38
0.159984	1
0.160034	1
0.160075	1
0.160089	1
0.160095	1
0.160098	1
0.160133	11
0.160166	5
0.160174	7
0.160175	1
0.160186	2
0.160229	1
0.160343	4
0.160359	1
0.160363	2
0.160384	1
0.160407	1
0.160517	1
0.160583	1
0.160589	1
0.160599	2
0.160658	1
0.160665	14
0.160669	1
0.160687	1
0.160698	1
0.160702	1
0.160727	4
0.160732	1
0.160753	7
0.160772	2
0.16083	1
0.16085	1
0.160873	1
0.160891	1
0.160897	2
0.160921	1
0.160934	1
0.160956	3
0.160962	20
0.160978	1
0.161014	2
0.161034	1
0.161036	1
0.161041	1
0.161119	1
0.161156	19
0.161194	1
0.161262	1
0.161284	1
0.161302	1
0.161308	1
0.161315	4
0.161326	1
0.161328	14
0.161357	1
0.16138	1
0.161413	1
0.161423	1
0.161428	1
0.161429	1
0.161446	2
0.161453	2
0.161489	1
0.161502	3
0.161507	1
0.161535	1
0.161564	1
0.161576	1
0.161628	1
0.161667	1
0.161683	1
0.161703	1
0.161715	1
0.16173	3
0.161769	1
0.161774	1
0.161782	22
0.161794	2
0.161797	1
0.161861	2
0.161874	8
0.161879	1
0.161886	2
0.161895	1
0.161896	1
0.161928	3
0.161929	1
0.161932	1
0.161976	1
0.161997	1
0.16202	6
0.162047	1
0.162166	1
0.162183	10
0.162193	1
0.162214	2
0.162223	1
0.162231	1
0.162293	1
0.162352	1
0.162357	1
0.162365	1
0.162368	21
0.162416	1
0.162426	1
0.162452	1
0.162475	1
0.162526	2
0.162602	1
0.162637	1
0.162675	1
0.162686	2
0.1627	2
0.162737	4
0.162797	1
0.162798	2
0.162818	1
0.162833	2
0.162871	8
0.162894	4
0.162952	1
0.163004	1
0.163013	2
0.163084	1
0.16309	1
0.163099	1
0.163175	2
0.163265	2
0.163297	3
0.163304	1
0.163331	1
0.163344	2
0.163357	2
0.16337	24
0.163458	2
0.163489	1
0.163538	2
0.163554	1
0.16361	1
0.163686	1
0.163704	2
0.163754	1
0.163781	1
0.163784	1
0.163919	1
0.16394	1
0.163972	1
0.163978	1
0.163981	1
0.16411	1
0.164126	1
0.164172	1
0.164284	14
0.164288	1
0.16429	1
0.164326	1
0.164415	1
0.164434	2
0.164467	2
0.164514	18
0.164541	1
0.164557	3
0.1646	1
0.164685	1
0.164695	1
0.164698	14
0.16471	1
0.164744	1
0.164763	5
0.164789	16
0.164807	1
0.164833	2
0.164835	1
0.164842	1
0.164853	1
0.164919	1
0.164929	2
0.164973	1
0.164984	2
0.165022	3
0.165057	1
0.165135	1
0.165153	2
0.16525	4
0.165262	15
0.165351	1
0.165403	1
0.165461	3
0.165471	1
0.165473	1
0.165489	1
0.165533	1
0.165538	1
0.165544	1
0.165563	1
0.165626	3
0.165629	1
0.165725	1
0.165814	1
0.165818	2
0.165855	1
0.165877	1
0.165903	1
0.165941	2
0.165951	1
0.166064	1
0.166088	1
0.166103	1
0.166195	11
0.166339	1
0.166354	1
0.166393	1
0.166443	2
0.16645	2
0.166473	1
0.166504	4
0.16651	1
0.166511	1
0.166515	8
0.166555	1
0.166564	2
0.166568	3
0.166599	2
0.1666	2
0.166692	1
0.166718	1
0.166734	10
0.166745	1
0.166874	1
0.166946	1
0.166989	1
0.166992	1
0.167015	1
0.16704	4
0.167062	2
0.167083	3
0.167119	1
0.167147	1
0.167235	1
0.167331	1
0.167335	2
0.167346	1
0.167357	1
0.167404	1
0.167439	1
0.167577	1
0.167597	2
0.167607	1
0.167645	1
0.167672	1
0.167673	8
0.167866	1
0.167977	1
0.168081	1
0.168105	1
0.16813	2
0.168156	1
0.168208	1
0.16826	1
0.168294	2
0.168305	1
0.168313	1
0.168319	1
0.168352	1
0.168385	1
0.16841	1
0.168425	1
0.168542	1
0.168575	1
0.168731	1
0.168841	1
0.16888	1
0.168899	1
0.169154	1
0.169164	1
0.169295	1
0.169306	2
0.169338	1
0.16937	1
0.169379	1
0.169411	1
0.169447	1
0.16949	1
0.169543	1
0.169693	5
0.169778	1
0.16978	3
0.169823	2
0.169835	1
0.169997	1
0.170015	2
0.170177	1
0.170181	1
0.170267	8
0.170277	1
0.170292	1
0.170345	1
0.170453	1
0.170485	1
0.170726	1
0.170918	4
0.170989	1
0.171198	1
0.171211	1
0.17135	1
0.171413	1
0.17167	1
0.171699	1
0.171713	2
0.17193	1
0.17198	1
0.172008	1
0.172145	5
0.172161	1
0.172169	1
0.172258	1
0.172456	1
0.172656	1
0.172659	1
0.172729	1
0.172874	1
0.173117	1
0.173373	1
0.17349	1
0.173564	1
0.173689	1
0.173759	1
0.173799	1
0.174056	1
0.174153	1
0.174162	1
0.174417	1
0.174608	1
0.174962	1
0.175153	1
0.175192	1
0.17564	1
0.176063	1
0.176064	1
0.17619	1
0.176191	1
0.176667	5
0.177094	1
0.177133	1
0.177203	1
0.177257	1
0.177374	1
0.177522	2
0.177943	1
0.178011	3
0.178177	4
0.178189	1
0.178373	1
0.178425	1
0.178477	1
0.178645	1
0.178826	1
0.17895	1
0.179189	1
0.179396	1
0.179404	1
0.179575	1
0.179709	1
0.179747	1
0.179844	1
0.179952	1
0.180013	1
0.180365	1
0.180545	1
0.180833	1
0.180918	1
0.181059	1
0.181146	2
0.181158	1
0.181307	1
0.181766	1
0.181988	1
0.182279	1
0.182445	1
0.182514	1
0.182781	1
0.183135	1
0.183212	1
0.183569	1
0.183594	1
0.183828	1
0.184057	1
0.18421	1
0.184222	1
0.184651	1
0.184767	1
0.18501	1
0.185354	1
0.185579	1
0.185946	1
0.186396	1
0.186789	1
0.186793	1
0.187246	1
0.18732	1
0.187572	2
0.188682	1
0.188764	1
0.189461	3
0.189665	1
0.19245	1
0.19266	1
0.192848	3
0.192956	1
0.194765	1
0.195983	1
0.196258	1
0.196357	1
0.196451	3
0.196829	1
0.197405	1
0.198344	1
0.199406	8
0.199894	7
0.200346	3
0.200548	7
0.201334	2
0.201406	1
0.202161	1
0.203307	1
0.203334	1
0.203634	2
0.204046	1
0.204484	1
0.204701	2
0.205724	1
0.206021	1
0.206354	1
0.207181	1
0.207538	1
0.207723	1
0.208132	1
0.21168	1
0.211823	1
0.212198	1
0.212674	1
0.212728	4
0.214427	5
0.214466	1
0.215134	31
0.215573	2
0.215613	1
0.215953	1
0.216334	1
0.21648	1
0.217431	3
0.218549	1
0.218579	1
0.218973	1
0.219031	1
0.219402	2
0.219425	1
0.219449	1
0.219473	1
0.219502	1
0.219695	1
0.219989	1
0.220615	1
0.221023	1
0.221035	1
0.221068	1
0.221259	1
0.221344	1
0.221536	1
0.221686	1
0.222032	2
0.222377	1
0.223047	1
0.224051	1
0.22419	1
0.2242	1
0.224228	1
0.224306	1
0.224424	1
0.224448	1
0.22457	1
0.224954	1
0.224976	1
0.225733	1
0.226033	1
0.2264	1
0.226696	1
0.227203	1
0.227282	1
0.227376	1
0.227418	1
0.22787	1
0.227969	1
0.228151	1
0.228262	1
0.228658	1
0.228926	1
0.228973	1
0.229235	2
0.229683	1
0.229754	1
0.229848	1
0.229849	1
0.230001	1
0.23035	1
0.230676	1
0.230801	4
0.230895	1
0.231061	6
0.231303	1
0.23194	1
0.232014	1
0.232115	1
0.232231	1
0.233669	1
0.233817	1
0.233924	1
0.234152	1
0.234531	1
0.234699	1
0.235365	1
0.23537	1
0.235476	1
0.235512	1
0.23564	1
0.235826	1
0.236693	1
0.237841	1
0.238595	1
0.239208	1
0.239221	1
0.239355	254
0.239821	1
0.239872	1
0.240545	1
0.240754	1
0.241364	1
0.241972	1
0.242079	1
0.242405	1
0.242628	1
0.242777	1
0.242943	1
0.243146	1
0.243303	55
0.243392	2
0.24363	1
0.24369	1
0.243812	1
0.244218	1
0.244503	3
0.244601	1
0.244822	2
0.245447	2
0.245974	1
0.24633	1
0.246756	1
0.24691	1
0.246999	255
0.247062	1
0.247425	2
0.247473	1
0.247531	1
0.247655	1
0.24803	1
0.248304	1
0.248786	1
0.249485	1
0.249836	1
0.250379	1
0.251078	1
0.251334	1
0.251484	1
0.25182	2
0.253566	1
0.253709	1
0.254066	1
0.254339	1
0.254954	1
0.255698	1
0.256808	1
0.257247	1
0.258307	1
0.258695	1
0.25942	1
0.259427	1
0.261211	1
0.26246	1
0.263541	1
0.263543	1
0.263595	1
0.267653	1
0.267995	1
0.268413	1
0.273899	1
0.274175	1
0.274732	1
0.276363	1
0.278854	2
0.280267	8
0.28412	1
0.286048	1
0.289249	2
0.29035	1
0.293293	1
0.293649	1
0.297548	2
0.311095	1
0.313553	1
0.31941	5
0.323521	1
0.328069	1
0.32871	12
0.329172	1
0.330733	2
0.331676	1
0.331848	1
0.332406	1
0.332924	1
0.333005	1
0.333117	1
0.333412	1
0.333629	1
0.336605	3
0.338022	1
0.340704	1
0.342999	1
0.343133	1
0.343182	1
0.343999	12
0.344198	1
0.344484	1
0.344941	1
0.345719	1
0.348225	1
0.350745	1
0.351478	1
0.351512	1
0.359208	1
0.359535	1
0.360785	1
0.3676	1
0.368039	1
0.368186	1
0.370617	1
0.373392	1
0.378603	3
0.386019	1
0.394547	3
0.399964	1
0.410535	4
0.411357	1
0.413836	1
0.414636	1
0.418065	1
0.426293	1
0.434581	1
0.436752	1
0.439613	1
0.440998	1
0.454851	1
0.465542	1
0.467763	1
0.471866	1
0.47776	1
0.501578	1
0.505558	1
0.513382	1
0.572531	2
0.576407	1
0.580487	1
0.597568	1
0.601584	1
0.60433	1
0.631922	1
0.647738	1
0.684952	1
0.736532	1
0.738998	1
0.739653	4
0.74056	1
0.74257	1
0.742823	2
0.761366	1
0.815412	1
0.81632	3
0.82075	2
0.822253	1
0.839207	1
0.911714	1
1.074694	1
1.085201	1
1.126455	1
1.134263	1
1.140113	1
1.149917	1
1.150068	1
1.176278	1
1.192921	1
1.19709	1
1.206002	1
1.209357	1
1.215574	1
1.227172	1
1.246473	1
1.370535	1
1.455425	1
1.623837	1
1.656701	1
