rank	number
0.15	1
0.1500816	1490
0.1501333	1129
0.1501361	900
0.1501376	1129
0.1501631	1
0.150167	2
0.1501772	10
0.1501779	9
0.1501784	10
0.150205	3
0.1502083	234
0.1502115	3
0.1502326	10
0.1502334	10
0.1502508	34
0.1502587	125
0.1502651	212
0.1502659	212
0.1502666	18
0.1502669	125
0.1502743	11
0.1502752	18
0.1502845	53
0.1502913	8
0.1503242	83
0.1503245	385
0.1503247	108
0.1503275	53
0.1503282	293
0.1503317	5
0.1503323	70
0.150334	3
0.1503346	83
0.1503351	122
0.1503366	8
0.1503405	67
0.1503423	385
0.1503459	2
0.1503503	69
0.1503514	67
0.1503515	42
0.1503534	7
0.1503543	4
0.1503558	1
0.1503568	2
0.1503574	30
0.150362	44
0.1503633	19
0.1503682	4
0.1503717	125
0.1503736	44
0.1503749	19
0.1503802	92
0.150389	224
0.1503897	289
0.1504	2
0.1504001	11
0.1504045	25
0.1504083	291
0.1504087	205
0.1504127	2
0.1504174	25
0.1504208	108
0.1504342	108
0.1504488	134
0.1504504	5
0.1504567	5
0.1504568	3
0.1504652	4
0.1504655	1
0.150466	64
0.1504669	5
0.150467	1
0.1504691	215
0.1504781	2
0.1504791	4
0.1504804	18
0.1504815	72
0.1504821	31
0.1504827	104
0.1504838	27
0.1504858	11
0.1504861	90
0.1504867	47
0.1504879	17
0.1504881	71
0.1504892	208
0.1504898	167
0.1504904	355
0.1504908	105
0.1504916	72
0.1504926	14
0.1504934	2
0.1504939	346
0.1504945	194
0.1504957	18
0.1504968	28
0.1504969	72
0.1504974	6
0.1504975	31
0.150498	63
0.1504981	104
0.1504987	114
0.1504993	24
0.1505005	15
0.150501	3
0.1505016	5
0.1505017	90
0.1505023	61
0.1505035	17
0.1505048	178
0.1505054	30
0.150506	208
0.1505065	1
0.1505066	517
0.1505074	14
0.1505076	15
0.1505084	14
0.1505086	13
0.1505099	144
0.1505104	15
0.1505123	28
0.1505125	14
0.1505127	28
0.1505131	15
0.1505133	6
0.150514	65
0.1505146	76
0.1505151	163
0.1505155	16
0.1505164	15
0.1505168	15
0.1505171	23
0.1505174	27
0.1505177	10
0.150518	15
0.1505184	14
0.1505207	15
0.1505213	7
0.1505223	11
0.1505236	14
0.1505245	8
0.1505246	15
0.1505249	13
0.150526	15
0.1505262	12
0.1505271	11
0.1505286	39
0.1505288	14
0.1505295	14
0.1505301	2
0.1505307	14
0.1505312	2
0.1505319	29
0.1505326	1
0.1505329	15
0.1505333	1
0.1505335	1
0.1505339	27
0.1505342	10
0.1505347	63
0.1505355	15
0.1505374	222
0.1505377	64
0.1505382	11
0.150539	11
0.1505397	10
0.1505411	1
0.1505431	52
0.1505438	24
0.1505439	11
0.1505448	4
0.1505454	19
0.1505468	15
0.1505469	23
0.1505472	15
0.1505482	31
0.1505487	56
0.1505496	116
0.1505497	1
0.1505503	1
0.1505529	5
0.150554	27
0.1505554	11
0.1505557	11
0.1505574	16
0.1505584	1
0.1505589	225
0.1505596	63
0.1505599	97
0.1505604	63
0.1505605	56
0.1505612	13
0.1505614	10
0.1505617	21
0.150562	78
0.1505629	47
0.1505636	34
0.1505638	183
0.1505639	35
0.1505644	23
0.1505659	22
0.1505667	10
0.1505676	55
0.1505683	52
0.1505688	7
0.1505689	98
0.150569	58
0.15057	310
0.1505702	1
0.1505705	5
0.1505729	20
0.1505752	16
0.1505768	225
0.150577	13
0.1505772	3
0.1505779	23
0.1505784	56
0.1505792	13
0.15058	78
0.1505816	34
0.1505826	50
0.1505829	3
0.1505843	54
0.1505848	10
0.1505864	2
0.1505868	1
0.1505901	40
0.1505913	12
0.1505929	12
0.1505956	3
0.1505961	207
0.1506015	3
0.1506048	23
0.1506056	1
0.1506173	1
0.1506224	47
0.150623	1
0.150624	5
0.150626	3
0.1506301	3
0.1506312	119
0.1506332	118
0.1506401	156
0.150642	11
0.150646	4
0.1506485	23
0.1506495	27
0.1506545	31
0.1506551	107
0.1506563	30
0.1506634	43
0.1506636	35
0.1506646	13
0.1506648	24
0.1506668	11
0.150668	1
0.1506692	23
0.1506702	38
0.1506732	11
0.1506736	16
0.1506751	55
0.1506805	59
0.150681	4
0.1506816	28
0.1506875	1
0.1506886	37
0.1506887	11
0.15069	2
0.1506917	88
0.1506918	17
0.1506921	48
0.1506929	16
0.1507007	27
0.1507016	66
0.150702	98
0.1507025	8
0.1507028	4
0.150703	27
0.1507067	3
0.1507071	162
0.1507102	130
0.1507116	1
0.1507117	7
0.1507128	4
0.150713	13
0.1507136	1
0.1507143	2
0.1507151	33
0.1507184	109
0.1507233	32
0.150724	69
0.150725	8
0.1507266	2
0.1507269	7
0.1507292	61
0.1507355	72
0.1507397	1
0.1507434	49
0.1507454	12
0.1507472	3
0.1507474	16
0.1507481	2
0.1507498	2
0.1507567	58
0.1507604	2
0.1507678	1
0.1507681	9
0.1507685	46
0.1507693	27
0.1507704	45
0.1507716	9
0.1507744	30
0.150776	1
0.150778	14
0.1507784	8
0.150779	7
0.1507794	7
0.1507844	9
0.1507851	40
0.1507853	21
0.1507856	27
0.1507868	73
0.1507872	1
0.150788	9
0.1507923	1
0.1507935	1
0.1507964	9
0.1507975	39
0.1507983	1
0.1507984	17
0.1507986	29
0.1507998	15
0.1508001	117
0.1508008	1
0.1508012	63
0.1508079	18
0.150809	30
0.1508091	64
0.1508099	5
0.1508123	1
0.1508134	43
0.150815	2
0.1508174	1
0.1508191	1
0.15082	3
0.150823	3
0.1508232	1
0.1508243	1
0.1508254	1
0.1508271	23
0.1508306	4
0.1508348	30
0.1508389	24
0.1508409	2
0.1508412	103
0.1508429	1
0.1508443	20
0.1508454	3
0.1508463	1
0.1508479	33
0.1508485	34
0.1508492	97
0.1508495	8
0.15085	5
0.1508507	1
0.1508527	1
0.1508534	6
0.1508544	1
0.1508577	1
0.1508585	66
0.150859	1
0.1508598	1
0.1508602	1
0.1508627	63
0.1508628	1
0.1508663	2
0.1508667	1
0.150868	1
0.1508685	78
0.1508699	1
0.1508706	87
0.1508724	3
0.1508727	1
0.1508739	5
0.1508749	48
0.150875	1
0.1508761	29
0.1508764	1
0.1508766	7
0.1508771	4
0.1508772	5
0.1508774	1
0.1508776	30
0.1508777	1
0.1508778	34
0.1508792	13
0.1508803	1
0.1508825	41
0.1508834	21
0.1508843	1
0.1508857	1
0.1508883	11
0.1508886	1
0.1508901	2
0.1508905	1
0.1508912	3
0.150892	4
0.1508945	6
0.1508954	1
0.1508964	18
0.1508966	74
0.1508973	108
0.1508977	23
0.1508982	7
0.1509008	4
0.1509023	1
0.1509032	1
0.1509045	36
0.1509069	1
0.1509071	1
0.1509072	75
0.1509073	9
0.1509082	3
0.1509098	16
0.1509134	61
0.1509137	24
0.1509143	30
0.1509164	27
0.1509167	7
0.1509172	1
0.1509197	4
0.1509202	1
0.1509203	16
0.1509215	26
0.150922	1
0.1509282	40
0.1509303	1
0.150932	33
0.1509322	87
0.1509336	21
0.1509337	46
0.1509351	1
0.150936	42
0.1509361	1
0.1509367	4
0.1509383	12
0.1509391	91
0.1509411	106
0.150942	7
0.1509447	28
0.1509475	3
0.1509517	44
0.1509525	9
0.1509546	5
0.1509566	2
0.1509574	24
0.1509577	3
0.1509582	7
0.1509591	6
0.1509608	6
0.1509618	42
0.1509619	2
0.1509624	8
0.1509631	14
0.1509642	7
0.1509654	26
0.1509665	60
0.1509674	111
0.1509675	29
0.1509676	2
0.1509677	4
0.1509691	5
0.1509716	6
0.1509723	17
0.1509727	4
0.1509729	3
0.1509735	8
0.1509736	120
0.1509742	4
0.1509758	63
0.1509762	5
0.1509765	13
0.1509773	35
0.1509779	31
0.1509782	56
0.1509785	22
0.1509796	29
0.1509797	4
0.1509799	18
0.1509808	54
0.1509816	45
0.150982	4
0.1509831	4
0.150984	12
0.1509845	3
0.1509878	23
0.1509879	32
0.150989	10
0.1509913	1
0.1509915	6
0.1509916	13
0.1509921	92
0.1509927	2
0.1509938	50
0.1509949	4
0.150995	9
0.1509955	4
0.1509961	1
0.1509962	26
0.1509967	4
0.1509969	7
0.1509973	12
0.1509974	1
0.1509986	4
0.1509994	5
0.1510033	17
0.1510037	4
0.1510039	3
0.1510045	8
0.151005	17
0.1510053	8
0.1510054	70
0.1510063	1
0.1510065	35
0.151007	5
0.1510072	2
0.1510075	3
0.1510089	138
0.1510095	6
0.1510108	2
0.1510114	1
0.151012	7
0.1510126	3
0.1510132	22
0.1510133	10
0.1510152	22
0.151016	1
0.1510198	2
0.1510215	1
0.1510216	4
0.1510233	3
0.1510246	1
0.1510259	73
0.1510266	4
0.1510267	4
0.151027	120
0.1510271	24
0.1510273	4
0.1510279	2
0.1510285	4
0.1510288	24
0.1510292	12
0.1510294	4
0.15103	28
0.1510301	5
0.1510306	72
0.1510307	5
0.1510309	16
0.1510311	42
0.1510317	24
0.1510332	4
0.1510339	15
0.1510341	1
0.1510347	1
0.1510348	2
0.151035	2
0.1510372	2
0.15104	40
0.1510426	4
0.151043	7
0.1510433	2
0.1510434	1
0.1510435	2
0.1510484	2
0.1510511	8
0.1510522	22
0.1510535	16
0.1510541	1
0.1510562	39
0.1510573	3
0.1510578	2
0.1510602	58
0.1510619	1
0.1510638	2
0.1510645	1
0.1510654	24
0.151067	24
0.1510671	2
0.1510676	4
0.1510678	1
0.1510679	2
0.1510683	28
0.1510686	5
0.1510689	72
0.1510695	3
0.1510696	42
0.1510702	24
0.1510705	4
0.1510721	5
0.1510737	1
0.1510748	9
0.1510753	30
0.1510759	1
0.1510763	7
0.1510773	4
0.1510777	5
0.1510778	1
0.1510782	22
0.1510795	31
0.1510829	2
0.1510835	5
0.1510851	1
0.151086	6
0.1510861	7
0.1510876	4
0.1510883	2
0.1510896	8
0.1510899	2
0.1510908	2
0.1510914	3
0.1510934	14
0.1510944	1
0.151095	9
0.1510968	1
0.1510974	11
0.1510985	1
0.1510986	1
0.1510991	14
0.1511004	1
0.1511005	25
0.1511041	1
0.1511053	1
0.1511095	9
0.1511114	1
0.1511117	64
0.1511152	15
0.1511187	1
0.1511188	2
0.1511192	3
0.1511202	6
0.1511207	6
0.1511208	4
0.1511209	1
0.1511211	1
0.1511222	2
0.1511229	2
0.1511234	1
0.1511247	2
0.1511257	16
0.1511275	94
0.1511276	11
0.1511278	34
0.1511279	1
0.1511302	3
0.1511311	3
0.1511333	1
0.1511334	1
0.1511346	1
0.1511352	27
0.1511366	4
0.1511376	3
0.1511379	20
0.1511401	10
0.1511406	1
0.1511411	1
0.1511433	40
0.1511442	1
0.1511452	4
0.1511453	8
0.1511458	50
0.1511474	13
0.1511476	82
0.1511483	1
0.1511497	1
0.1511503	1
0.1511558	25
0.1511588	51
0.1511635	92
0.1511652	7
0.151167	10
0.1511672	3
0.1511679	27
0.1511686	12
0.1511691	1
0.1511693	1
0.1511731	1
0.1511736	6
0.1511798	50
0.1511802	2
0.1511846	1
0.1511922	15
0.1511989	3
0.1511996	2
0.1512002	2
0.1512011	1
0.1512082	27
0.1512087	2
0.1512095	4
0.1512128	1
0.1512133	1
0.1512147	1
0.1512178	2
0.151219	1
0.1512196	1
0.1512203	1
0.1512204	7
0.1512209	1
0.1512223	2
0.1512246	13
0.1512289	109
0.151229	1
0.1512379	1
0.1512408	49
0.1512448	2
0.151246	1
0.1512463	3
0.1512473	2
0.151248	19
0.1512499	1
0.1512515	1
0.151252	22
0.1512521	1
0.1512535	1
0.1512539	2
0.1512545	2
0.1512603	15
0.1512624	21
0.1512664	5
0.1512771	1
0.1512787	1
0.1512803	23
0.1512821	19
0.151284	3
0.151286	4
0.1512885	1
0.1512898	1
0.1512921	18
0.151294	2
0.1512946	2
0.151299	1
0.1513059	3
0.1513082	1
0.1513087	18
0.151309	69
0.1513093	1
0.1513101	7
0.1513135	1
0.151322	3
0.1513268	3
0.1513275	3
0.1513291	3
0.1513296	7
0.1513335	3
0.1513356	4
0.1513368	2
0.1513376	1
0.1513403	4
0.1513405	8
0.1513412	1
0.1513465	1
0.1513476	3
0.15135	1
0.1513502	2
0.1513512	1
0.1513542	6
0.151355	1
0.1513586	2
0.1513609	30
0.1513632	3
0.1513643	1
0.1513647	5
0.1513663	3
0.1513699	3
0.1513703	2
0.1513731	1
0.1513773	8
0.1513775	1
0.1513783	4
0.1513794	2
0.1513795	2
0.1513797	5
0.1513801	12
0.1513834	11
0.1513842	1
0.1513903	4
0.1513904	23
0.1513916	1
0.1513927	27
0.1513955	11
0.1513972	1
0.1514006	5
0.1514031	56
0.1514041	6
0.151405	1
0.1514074	4
0.1514089	2
0.1514112	1
0.1514122	1
0.1514124	2
0.1514142	5
0.1514156	3
0.1514198	3
0.1514204	5
0.1514207	3
0.1514223	1
0.1514256	3
0.1514318	2
0.1514328	1
0.1514368	1
0.1514373	6
0.1514379	1
0.1514406	3
0.1514407	3
0.1514408	1
0.1514412	2
0.1514413	3
0.1514446	5
0.1514463	1
0.1514465	70
0.1514466	49
0.1514469	1
0.1514479	57
0.1514481	10
0.1514487	5
0.1514499	1
0.1514515	1
0.1514518	2
0.1514521	5
0.151457	6
0.1514584	11
0.1514596	3
0.1514597	2
0.1514602	3
0.1514603	2
0.151463	1
0.1514637	1
0.1514686	2
0.1514694	1
0.1514708	3
0.1514711	40
0.1514723	1
0.1514724	4
0.1514731	2
0.1514747	3
0.1514781	4
0.1514804	1
0.1514808	2
0.1514869	13
0.151487	4
0.1514872	2
0.1514882	70
0.1514891	2
0.1514904	4
0.1514905	2
0.1514908	8
0.1514909	2
0.1514913	1
0.1514924	2
0.1514925	1
0.1514932	1
0.1514939	1
0.1514941	2
0.1514943	10
0.1514947	46
0.1514949	1
0.1514954	2
0.1514961	19
0.1514968	2
0.1514973	1
0.1514979	1
0.1514985	6
0.1514989	2
0.1515018	2
0.1515032	2
0.1515043	2
0.1515044	2
0.151505	11
0.1515062	3
0.1515068	3
0.151507	2
0.1515083	2
0.1515093	1
0.1515098	9
0.1515104	94
0.1515108	2
0.1515127	2
0.1515133	1
0.1515134	25
0.1515147	1
0.1515152	1
0.1515167	1
0.1515177	2
0.1515186	2
0.1515198	2
0.1515199	2
0.1515202	2
0.1515208	3
0.1515216	2
0.1515253	4
0.1515258	17
0.1515266	58
0.1515276	2
0.1515289	2
0.1515291	1
0.1515297	2
0.1515307	11
0.1515322	1
0.1515331	1
0.1515334	2
0.1515347	1
0.1515352	2
0.1515356	1
0.1515367	2
0.151538	4
0.1515381	2
0.1515392	2
0.1515394	2
0.1515404	2
0.1515419	2
0.1515432	2
0.1515435	87
0.1515452	1
0.1515495	2
0.1515512	2
0.1515521	1
0.1515525	2
0.151553	1
0.1515551	2
0.151556	4
0.1515565	2
0.1515568	1
0.1515586	4
0.1515588	1
0.15156	1
0.1515607	1
0.1515612	1
0.1515662	2
0.1515676	36
0.1515701	61
0.1515702	2
0.1515705	6
0.1515735	10
0.1515754	8
0.1515757	1
0.1515764	5
0.1515767	1
0.1515772	2
0.1515777	3
0.1515818	6
0.1515823	2
0.1515837	5
0.1515846	1
0.1515862	1
0.1515864	3
0.1515876	1
0.1515885	2
0.1515888	1
0.1515899	3
0.1515911	3
0.1515922	3
0.1515934	1
0.1515949	2
0.1515966	3
0.1515969	4
0.1515973	6
0.1515979	1
0.151599	94
0.1516003	6
0.1516016	3
0.1516024	32
0.1516064	2
0.1516066	1
0.1516068	2
0.151613	4
0.1516132	3
0.1516158	6
0.151618	1
0.1516183	4
0.1516199	4
0.1516207	1
0.1516237	1
0.1516254	2
0.1516271	1
0.1516292	25
0.1516293	1
0.1516301	2
0.1516336	1
0.1516362	1
0.1516367	2
0.1516395	1
0.15164	1
0.1516408	2
0.151646	2
0.1516461	4
0.1516487	14
0.1516508	2
0.1516526	2
0.1516542	8
0.1516548	35
0.1516595	24
0.1516688	7
0.1516756	2
0.1516767	5
0.1516823	13
0.151683	66
0.1516857	1
0.1516874	1
0.1516886	1
0.1516908	2
0.1516914	6
0.1516944	39
0.1516958	8
0.1516971	5
0.1516985	11
0.1516989	1
0.1517023	1
0.1517028	6
0.151705	9
0.1517069	2
0.1517077	1
0.1517101	3
0.1517124	1
0.1517125	4
0.151717	1
0.1517188	1
0.1517202	3
0.1517224	40
0.1517254	6
0.1517255	3
0.151729	3
0.1517299	3
0.1517324	9
0.1517358	15
0.1517371	1
0.1517382	1
0.1517392	3
0.1517393	1
0.1517412	1
0.1517413	20
0.1517422	1
0.1517448	51
0.1517462	23
0.1517478	2
0.1517499	2
0.1517512	29
0.1517523	2
0.1517524	1
0.1517529	3
0.1517532	1
0.1517535	80
0.1517542	6
0.1517552	9
0.1517557	12
0.1517569	1
0.1517583	32
0.1517647	1
0.1517668	12
0.1517671	2
0.1517711	1
0.1517754	11
0.1517759	3
0.1517766	1
0.1517777	1
0.1517786	2
0.1517794	9
0.1517798	7
0.1517823	92
0.151783	15
0.1517847	3
0.1517865	3
0.1517883	4
0.1517889	11
0.1517891	5
0.1517918	1
0.1517932	11
0.1517936	95
0.1517939	1
0.1517947	52
0.1517953	12
0.1517959	69
0.1517968	1
0.1517973	1
0.1517977	8
0.1518017	1
0.1518046	8
0.151809	10
0.1518096	3
0.1518108	2
0.1518132	1
0.1518139	18
0.1518144	6
0.1518145	11
0.1518165	4
0.1518209	1
0.151821	1
0.1518217	2
0.1518223	1
0.1518235	3
0.1518241	4
0.1518246	1
0.1518268	6
0.1518274	5
0.1518286	1
0.1518294	1
0.1518304	1
0.1518323	4
0.1518328	9
0.1518333	1
0.151835	1
0.1518353	32
0.1518366	20
0.1518405	1
0.1518408	4
0.1518431	8
0.1518446	1
0.1518458	4
0.1518463	27
0.1518467	4
0.1518473	16
0.1518474	3
0.1518541	2
0.1518553	2
0.1518564	6
0.1518565	3
0.1518575	4
0.1518577	1
0.1518586	1
0.1518587	6
0.1518588	8
0.1518598	2
0.1518606	1
0.1518623	1
0.151864	32
0.1518643	14
0.1518646	21
0.1518657	1
0.151866	14
0.1518674	4
0.1518686	1
0.1518722	3
0.1518724	4
0.1518735	4
0.1518745	2
0.1518752	22
0.1518765	1
0.1518772	4
0.1518774	1
0.1518781	10
0.1518799	2
0.1518802	6
0.1518805	1
0.1518817	1
0.1518821	14
0.151884	1
0.1518854	27
0.1518893	24
0.1518906	8
0.1518919	3
0.1518937	6
0.1518951	7
0.1518965	3
0.1518969	3
0.1518989	1
0.151905	6
0.1519055	3
0.1519098	1
0.1519099	1
0.1519133	2
0.1519145	2
0.1519154	2
0.1519157	6
0.1519162	24
0.1519164	10
0.1519169	4
0.151917	1
0.151918	6
0.1519192	2
0.1519198	4
0.1519204	1
0.1519214	1
0.1519216	4
0.1519236	10
0.1519242	2
0.1519262	10
0.1519285	8
0.1519307	16
0.151933	1
0.1519348	1
0.1519353	3
0.1519381	2
0.1519446	15
0.1519451	1
0.1519469	8
0.1519471	7
0.1519485	1
0.1519512	8
0.1519516	1
0.1519517	4
0.151954	2
0.1519546	13
0.1519558	2
0.1519563	11
0.1519572	16
0.1519578	1
0.1519595	1
0.1519598	6
0.1519616	8
0.1519633	11
0.1519728	2
0.1519735	1
0.1519744	3
0.1519757	13
0.1519774	24
0.151983	4
0.1519832	6
0.1519843	17
0.1519865	1
0.1519873	6
0.1519876	4
0.1519877	10
0.1519891	1
0.1519897	1
0.15199	8
0.1519904	1
0.151991	1
0.1519913	2
0.1519922	7
0.1519924	16
0.1519925	1
0.1519941	4
0.1519946	18
0.1519971	3
0.1519975	4
0.1519983	13
0.1519987	3
0.1520039	2
0.1520043	1
0.1520067	15
0.1520091	8
0.1520101	4
0.1520102	1
0.1520107	2
0.1520108	16
0.1520125	58
0.1520139	1
0.1520154	4
0.1520177	12
0.1520203	5
0.1520217	1
0.1520224	7
0.152024	3
0.1520242	1
0.1520261	16
0.1520279	18
0.1520294	1
0.1520304	14
0.1520319	2
0.1520345	4
0.1520358	2
0.1520396	1
0.1520414	1
0.1520421	4
0.152045	2
0.1520504	1
0.1520508	6
0.1520518	13
0.1520519	33
0.1520527	1
0.1520529	2
0.1520531	1
0.1520533	1
0.1520539	1
0.1520542	2
0.1520558	7
0.1520568	1
0.1520583	18
0.1520586	1
0.1520619	4
0.1520644	3
0.152067	2
0.1520678	7
0.1520696	1
0.1520709	9
0.1520753	4
0.1520754	2
0.1520801	1
0.1520805	2
0.1520826	1
0.1520828	2
0.1520853	1
0.152087	1
0.1520889	1
0.1520906	2
0.1520916	2
0.1520924	6
0.1520932	1
0.1520943	1
0.1520962	7
0.1520975	1
0.1520977	8
0.1520981	18
0.1521012	2
0.1521021	1
0.1521047	10
0.1521059	1
0.1521071	4
0.1521076	2
0.1521111	1
0.1521123	1
0.1521124	2
0.1521205	14
0.1521239	1
0.1521255	2
0.1521291	1
0.1521294	21
0.1521315	2
0.1521324	1
0.1521334	1
0.152135	1
0.152139	1
0.1521424	12
0.1521507	10
0.1521509	1
0.152153	17
0.1521546	1
0.1521554	2
0.1521556	1
0.1521567	1
0.1521589	3
0.1521655	8
0.1521674	2
0.152169	1
0.1521699	1
0.1521719	10
0.1521723	1
0.1521749	2
0.1521752	3
0.1521782	6
0.1521791	1
0.1521798	1
0.1521828	1
0.152185	2
0.1521868	7
0.15219	1
0.1521902	1
0.1521924	2
0.1521926	1
0.1521971	1
0.1521983	9
0.1522015	1
0.1522062	6
0.1522066	3
0.1522068	2
0.1522081	1
0.1522163	10
0.1522165	2
0.1522196	1
0.152221	2
0.1522233	8
0.1522286	3
0.1522294	1
0.1522303	2
0.1522346	12
0.1522385	1
0.1522405	1
0.1522416	7
0.1522481	10
0.1522495	1
0.1522515	6
0.1522531	5
0.1522548	2
0.1522549	34
0.1522552	1
0.1522566	1
0.1522589	3
0.1522631	175
0.1522648	6
0.1522683	3
0.1522701	2
0.1522704	7
0.1522732	1
0.1522739	2
0.1522757	2
0.1522802	1
0.152282	2
0.152284	10
0.1522873	2
0.1522875	6
0.1522905	2
0.1522917	5
0.1522919	2
0.1522951	10
0.1523031	37
0.1523042	1
0.1523054	11
0.1523079	3
0.1523175	7
0.1523179	4
0.1523199	10
0.1523209	3
0.1523228	6
0.1523233	5
0.1523258	1
0.152327	7
0.1523281	3
0.1523287	1
0.1523298	1
0.1523304	1
0.1523369	2
0.1523372	12
0.1523431	4
0.1523443	2
0.1523457	2
0.1523465	2
0.1523476	3
0.1523541	2
0.1523546	1
0.1523549	2
0.1523596	10
0.1523694	1
0.1523715	1
0.1523725	1
0.1523733	2
0.1523776	1
0.152379	1
0.1523809	1
0.1523816	4
0.1523843	1
0.1523869	1
0.1523873	1
0.1523891	2
0.1523892	1
0.1523924	8
0.1523943	1
0.1523952	2
0.1523995	1
0.1523998	3
0.1524004	9
0.1524025	3
0.1524035	8
0.1524043	2
0.1524044	4
0.1524054	1
0.1524077	4
0.1524089	2
0.15241	2
0.1524108	3
0.1524111	5
0.1524123	1
0.1524134	7
0.1524146	1
0.1524157	1
0.1524172	1
0.152418	1
0.1524186	1
0.1524196	1
0.1524218	3
0.1524222	2
0.1524225	3
0.1524269	1
0.1524341	1
0.1524344	1
0.152437	1
0.1524401	5
0.1524409	3
0.152445	1
0.1524492	5
0.1524571	1
0.1524577	8
0.1524595	34
0.1524604	10
0.1524689	1
0.1524734	8
0.1524751	1
0.1524799	4
0.1524811	2
0.1524815	7
0.1524823	1
0.1524846	4
0.1524858	2
0.152487	2
0.1524872	1
0.1524877	6
0.1524881	5
0.1524893	1
0.1524896	14
0.1524905	7
0.1524908	1
0.1524917	1
0.1524919	8
0.1524929	1
0.1524934	1
0.1524941	1
0.1524959	11
0.1524993	4
0.1525024	3
0.1525041	14
0.1525044	1
0.1525048	1
0.152506	29
0.1525072	11
0.1525112	4
0.1525166	2
0.1525205	16
0.1525232	3
0.1525235	3
0.1525249	2
0.152533	1
0.1525362	1
0.1525363	1
0.1525397	6
0.15254	1
0.1525445	3
0.1525459	4
0.1525477	4
0.1525579	28
0.152558	8
0.1525602	3
0.1525605	1
0.1525641	5
0.1525666	1
0.1525668	24
0.1525704	1
0.152574	1
0.1525746	14
0.152577	8
0.1525788	2
0.1525808	1
0.1525842	14
0.1525895	1
0.1525924	1
0.1526021	1
0.1526038	1
0.1526119	1
0.1526173	1
0.1526175	5
0.1526179	39
0.1526194	4
0.1526208	6
0.1526255	1
0.1526313	1
0.1526365	1
0.1526393	2
0.1526417	4
0.1526419	1
0.1526551	1
0.1526588	4
0.1526632	7
0.1526642	1
0.1526647	1
0.1526653	2
0.1526715	1
0.1526718	2
0.1526722	25
0.1526724	1
0.1526735	1
0.1526739	1
0.1526754	1
0.152677	37
0.1526876	1
0.1526898	4
0.1526908	2
0.1526918	1
0.152692	2
0.1526929	1
0.152693	1
0.1526955	9
0.1526989	3
0.1527012	15
0.1527024	1
0.1527037	1
0.1527063	1
0.1527069	3
0.1527078	1
0.1527084	2
0.1527085	1
0.1527093	1
0.1527095	5
0.1527109	3
0.1527123	4
0.1527197	22
0.1527216	4
0.1527218	4
0.1527231	1
0.1527242	1
0.1527293	2
0.1527323	1
0.1527329	1
0.1527348	1
0.1527366	1
0.1527373	1
0.1527394	1
0.1527399	1
0.1527402	1
0.1527478	1
0.1527491	1
0.1527494	2
0.1527514	4
0.1527522	5
0.1527571	2
0.1527577	1
0.1527578	42
0.1527587	1
0.1527589	1
0.1527607	1
0.1527625	38
0.1527647	1
0.1527673	1
0.1527674	3
0.1527715	4
0.1527733	9
0.1527743	1
0.1527792	15
0.1527804	1
0.1527808	3
0.1527814	1
0.1527815	4
0.1527818	2
0.152784	1
0.1527847	1
0.1527851	3
0.1527869	9
0.1527891	25
0.1527909	2
0.1527924	2
0.1527943	1
0.1527951	4
0.152796	6
0.1527965	4
0.1527981	1
0.152799	4
0.1528007	3
0.1528148	1
0.1528172	1
0.1528191	1
0.1528211	4
0.1528213	4
0.1528248	1
0.1528313	2
0.1528357	1
0.152837	1
0.152838	1
0.1528426	1
0.1528441	36
0.1528483	1
0.1528497	1
0.1528519	1
0.1528539	4
0.1528547	2
0.1528572	1
0.1528596	4
0.1528617	1
0.1528638	1
0.1528715	3
0.1528745	19
0.1528785	1
0.1528812	1
0.1528836	6
0.1528854	8
0.152893	27
0.1528996	1
0.1529034	4
0.1529065	2
0.1529117	4
0.152913	1
0.1529164	1
0.1529167	14
0.1529209	1
0.1529215	4
0.1529218	2
0.1529275	1
0.1529305	1
0.152931	6
0.1529371	8
0.1529417	13
0.1529422	1
0.1529555	8
0.1529572	1
0.1529581	1
0.1529602	2
0.1529612	1
0.1529639	2
0.1529728	4
0.1529757	14
0.1529764	9
0.1529786	8
0.1529804	1
0.1529852	1
0.1529871	1
0.1529888	1
0.1529889	1
0.1529895	35
0.1529901	1
0.1529915	9
0.1529922	5
0.1529969	1
0.1530047	1
0.1530061	1
0.1530092	4
0.1530161	4
0.1530167	4
0.1530176	1
0.153018	1
0.1530184	1
0.1530208	8
0.1530241	1
0.1530255	1
0.1530268	10
0.1530283	1
0.1530311	1
0.1530312	1
0.1530362	1
0.1530368	1
0.1530407	1
0.153042	1
0.1530428	1
0.1530466	1
0.1530516	1
0.1530533	5
0.1530555	8
0.1530557	1
0.1530561	2
0.1530571	1
0.153058	1
0.1530582	1
0.1530594	1
0.1530711	1
0.1530722	1
0.1530731	1
0.1530739	3
0.1530761	1
0.1530763	14
0.1530767	5
0.1530777	3
0.1530793	8
0.1530806	1
0.1530819	3
0.1530825	1
0.1530842	1
0.1530843	1
0.1530856	1
0.1530865	7
0.153092	1
0.1530928	1
0.1530951	3
0.1530978	3
0.1531073	2
0.1531075	2
0.1531148	1
0.1531158	19
0.1531183	1
0.1531215	1
0.1531298	101
0.1531323	1
0.1531338	1
0.1531352	3
0.1531402	2
0.153142	50
0.1531557	1
0.1531561	1
0.153162	1
0.1531642	1
0.1531686	10
0.1531692	1
0.1531727	1
0.1531759	2
0.1531772	1
0.1531807	3
0.1531855	1
0.1531857	1
0.1531861	1
0.1531877	37
0.1531891	2
0.1531899	3
0.1531917	2
0.1531936	1
0.1531979	1
0.1531981	12
0.1531994	2
0.1532026	1
0.1532031	15
0.1532047	1
0.1532136	8
0.1532139	5
0.1532253	1
0.153226	7
0.1532349	4
0.1532384	1
0.1532409	1
0.153241	1
0.1532458	1
0.1532534	5
0.1532561	1
0.1532627	12
0.1532646	1
0.1532669	1
0.153268	1
0.1532687	1
0.1532732	5
0.1532755	5
0.1532766	10
0.1532784	1
0.1532823	1
0.1532905	1
0.153291	2
0.1532925	1
0.1532956	1
0.1532974	1
0.1533095	1
0.1533109	1
0.1533193	5
0.1533202	1
0.1533207	4
0.1533225	6
0.1533241	1
0.1533309	1
0.153335	3
0.1533353	10
0.1533413	1
0.153342	1
0.1533501	1
0.1533526	1
0.153353	5
0.1533554	10
0.1533565	5
0.1533566	5
0.1533603	12
0.1533625	5
0.1533628	3
0.1533647	3
0.153366	4
0.153375	4
0.1533822	1
0.1533824	5
0.1533845	1
0.1533885	9
0.1533898	1
0.1533926	1
0.1533964	1
0.1534016	1
0.153402	1
0.1534023	1
0.1534026	1
0.1534056	6
0.1534136	1
0.1534167	1
0.1534187	9
0.1534252	23
0.1534254	5
0.1534263	1
0.1534339	1
0.153434	2
0.1534404	1
0.1534418	10
0.1534427	3
0.1534478	2
0.1534511	1
0.1534613	1
0.1534702	3
0.1534731	1
0.1534748	1
0.1534763	1
0.153479	1
0.1534813	1
0.1534821	1
0.1534845	1
0.1534863	1
0.1534869	2
0.1534875	4
0.1534882	2
0.15349	1
0.1534903	1
0.1534905	1
0.1534908	1
0.1534924	21
0.1534926	1
0.1535024	19
0.1535071	2
0.1535079	1
0.1535134	1
0.1535207	2
0.1535236	1
0.1535301	1
0.1535303	1
0.1535307	2
0.153531	3
0.1535388	1
0.1535394	15
0.1535465	1
0.1535525	3
0.1535535	3
0.1535544	3
0.1535545	1
0.1535579	2
0.1535623	4
0.1535713	1
0.153572	1
0.1535754	1
0.1535759	3
0.1535777	6
0.1535797	40
0.1535823	1
0.1535863	2
0.1535867	4
0.1535871	1
0.1535873	4
0.153588	8
0.1535886	8
0.1535894	8
0.1535896	1
0.1535898	8
0.1535907	1
0.1535958	1
0.1535959	1
0.1535977	1
0.1535983	1
0.1535989	4
0.1535996	2
0.1535999	6
0.1536014	1
0.153611	1
0.1536132	6
0.1536165	1
0.1536168	2
0.1536256	1
0.153629	3
0.153633	1
0.1536335	4
0.1536361	1
0.153641	1
0.1536454	1
0.153652	76
0.1536537	1
0.1536548	1
0.1536549	4
0.1536667	1
0.1536701	5
0.1536731	5
0.1536742	1
0.1536796	27
0.1536896	1
0.1536898	1
0.1536931	1
0.1536936	3
0.1536948	2
0.1536981	2
0.1537035	1
0.1537067	1
0.1537088	3
0.1537105	1
0.1537154	1
0.1537175	4
0.1537182	4
0.1537188	8
0.1537194	8
0.1537207	8
0.1537212	1
0.1537223	2
0.153726	2
0.1537273	2
0.153728	3
0.1537313	19
0.153732	14
0.1537322	1
0.1537343	1
0.1537348	1
0.1537377	1
0.1537439	1
0.1537491	6
0.1537528	1
0.1537562	1
0.1537572	1
0.1537577	1
0.1537587	7
0.1537604	1
0.1537643	31
0.1537707	3
0.1537786	1
0.1537837	1
0.1537916	1
0.153827	1
0.1538282	14
0.1538341	1
0.1538376	1
0.1538382	8
0.1538399	1
0.1538435	3
0.1538441	6
0.1538484	1
0.1538615	6
0.1538775	2
0.1538785	2
0.153889	6
0.1538902	1
0.153897	1
0.1538996	1
0.1539033	1
0.153913	1
0.1539144	6
0.1539149	2
0.1539267	1
0.1539269	15
0.1539349	2
0.1539374	10
0.1539379	3
0.1539442	1
0.15395	1
0.1539517	22
0.1539602	1
0.1539607	5
0.1539652	2
0.1539763	1
0.1539789	1
0.1539798	1
0.1539812	3
0.1539848	6
0.153985	1
0.1539856	1
0.1539868	1
0.153988	2
0.1539886	1
0.1539967	1
0.1540045	1
0.1540059	1
0.1540084	1
0.1540158	3
0.1540242	1
0.154025	9
0.1540273	1
0.154029	1
0.1540307	1
0.1540309	1
0.1540315	1
0.1540369	18
0.1540456	4
0.1540463	1
0.1540521	1
0.1540644	2
0.1540687	1
0.1540697	1
0.1540792	1
0.1540827	1
0.1540918	2
0.1541035	1
0.1541036	1
0.1541038	1
0.1541123	1
0.1541129	1
0.1541141	1
0.1541154	2
0.154116	1
0.1541206	1
0.1541226	54
0.1541237	1
0.1541374	1
0.1541376	1
0.1541389	1
0.1541419	14
0.1541428	1
0.154157	3
0.154158	2
0.1541582	32
0.1541595	1
0.1541611	1
0.154171	1
0.1541712	1
0.1541781	4
0.1541823	1
0.1541911	1
0.1541946	1
0.1541955	1
0.154203	1
0.1542039	1
0.1542053	76
0.1542081	1
0.1542266	1
0.1542378	1
0.154241	5
0.1542477	1
0.1542504	5
0.1542528	1
0.1542588	10
0.1542611	1
0.1542788	5
0.1542791	1
0.1542848	4
0.1542868	1
0.1542925	3
0.1542996	3
0.1543	3
0.1543014	2
0.1543051	1
0.1543061	2
0.1543065	1
0.1543075	3
0.1543109	21
0.1543266	1
0.1543271	1
0.1543284	1
0.1543286	2
0.1543304	22
0.1543343	3
0.1543353	1
0.1543438	1
0.1543477	1
0.1543503	1
0.1543532	1
0.1543534	80
0.1543553	1
0.1543562	1
0.1543582	1
0.1543641	1
0.1543645	1
0.1543726	1
0.1543922	1
0.1543956	1
0.1543976	1
0.1544012	1
0.1544124	1
0.1544145	1
0.154427	1
0.1544326	2
0.1544386	4
0.1544404	1
0.1544407	1
0.1544466	3
0.1544575	1
0.1544634	1
0.154464	1
0.1544669	2
0.1544691	2
0.1544824	1
0.1544842	2
0.1544849	1
0.154486	81
0.1544861	1
0.1544865	1
0.1544885	2
0.1544933	1
0.1544962	21
0.1545003	1
0.1545077	1
0.1545087	1
0.1545098	3
0.1545133	1
0.1545138	1
0.1545202	1
0.1545213	4
0.1545262	33
0.1545305	1
0.1545308	8
0.1545327	1
0.154538	1
0.15454	1
0.1545408	2
0.154568	55
0.1545716	1
0.1545774	1
0.1545777	4
0.1545799	1
0.1545902	5
0.1545904	1
0.1545914	5
0.154594	3
0.1545942	5
0.1545948	5
0.1545954	5
0.154596	5
0.1546256	1
0.1546281	1
0.1546294	1
0.1546358	2
0.1546398	21
0.1546408	1
0.1546455	2
0.1546561	5
0.1546589	1
0.15466	1
0.1546608	2
0.154662	2
0.1546838	1
0.1546953	2
0.1546989	3
0.1547047	2
0.1547078	3
0.1547109	1
0.1547191	2
0.1547225	1
0.1547261	2
0.1547273	1
0.1547293	1
0.1547334	1
0.1547335	1
0.154737	1
0.1547534	5
0.1547546	5
0.1547576	5
0.1547582	5
0.1547588	5
0.1547589	1
0.1547594	5
0.1547615	41
0.154762	1
0.1547653	1
0.154771	1
0.1547909	1
0.1548103	1
0.1548113	3
0.1548131	2
0.1548216	1
0.1548248	1
0.1548338	3
0.1548359	1
0.1548415	3
0.1548733	1
0.1548761	1
0.1548765	1
0.1548793	3
0.1548796	1
0.1549185	1
0.154919	2
0.1549208	2
0.154923	1
0.1549365	3
0.1549379	1
0.1549387	1
0.1549442	55
0.1549477	5
0.154963	7
0.1549738	1
0.1549805	1
0.1549817	1
0.1549882	1
0.1549928	1
0.1550082	1
0.155012	3
0.1550144	1
0.1550197	5
0.155024	1
0.1550269	2
0.1550342	1
0.1550411	1
0.155049	2
0.155054	1
0.1550814	3
0.1550864	1
0.1550872	23
0.1550956	1
0.1550981	1
0.155099	1
0.1551086	1
0.1551125	1
0.1551159	5
0.1551167	1
0.1551295	1
0.1551376	1
0.1551395	1
0.1551405	1
0.1551408	1
0.155148	1
0.1551531	1
0.1551576	1
0.1551684	2
0.1551811	2
0.1551813	5
0.1551994	1
0.1552239	1
0.1552263	1
0.1552272	2
0.1552334	1
0.1552537	2
0.1552586	1
0.1552702	1
0.1552704	1
0.1552819	1
0.1552882	1
0.1552909	1
0.1552934	1
0.1553012	2
0.1553095	1
0.1553189	1
0.1553235	50
0.1553246	3
0.1553327	17
0.1553375	38
0.1553424	1
0.1553536	1
0.155354	6
0.1553584	1
0.1553634	34
0.1553807	3
0.1553841	1
0.155386	2
0.1553892	1
0.1553914	2
0.1554009	3
0.1554034	1
0.1554189	1
0.1554323	1
0.155435	1
0.1554437	1
0.155455	2
0.1554577	1
0.155464	1
0.155481	48
0.1554822	1
0.1555003	3
0.1555065	1
0.1555073	1
0.1555127	7
0.1555156	1
0.1555222	1
0.155525	6
0.1555411	1
0.1555414	1
0.1555645	19
0.1555708	3
0.1555733	1
0.1555781	14
0.155598	5
0.1556022	1
0.1556058	1
0.1556303	1
0.1556318	1
0.1556362	1
0.1556562	1
0.1556573	1
0.155664	54
0.1556645	2
0.1556679	5
0.1556759	1
0.1556882	4
0.1557143	3
0.1557462	1
0.155748	1
0.1557671	1
0.1557674	5
0.1557861	1
0.1557956	1
0.1558286	1
0.1558402	1
0.1558406	1
0.155846	1
0.1558492	1
0.1558743	2
0.1558834	1
0.1558856	1
0.155891	19
0.1558936	1
0.1559071	2
0.1559093	1
0.1559125	1
0.1559263	22
0.1559303	3
0.1559336	1
0.1559359	1
0.15596	1
0.1559778	1
0.1559789	1
0.1559844	1
0.1559882	42
0.1559902	2
0.1560108	1
0.1560341	1
0.1560375	3
0.1560398	1
0.1560471	2
0.1560525	7
0.1560538	1
0.1560615	2
0.1560781	1
0.1560883	3
0.1560933	1
0.156098	1
0.1561066	2
0.1561078	1
0.15611	1
0.1561113	1
0.1561227	3
0.1561263	1
0.1561392	4
0.1561613	18
0.1561723	4
0.1561731	2
0.1561781	4
0.1561901	3
0.1561973	4
0.1562021	2
0.1562038	1
0.1562077	1
0.1562078	1
0.156211	1
0.1562128	3
0.1562238	3
0.1562317	19
0.1562326	1
0.1562364	2
0.1562447	2
0.1562453	8
0.1562628	15
0.15627	1
0.1562718	2
0.1562795	2
0.1562809	1
0.1562837	1
0.1562879	2
0.1562886	2
0.1563014	1
0.1563024	1
0.1563122	1
0.1563219	2
0.1563273	1
0.1563281	3
0.1563372	1
0.1563454	1
0.1563521	1
0.1563574	1
0.1563615	2
0.1563753	1
0.1563909	1
0.1563959	1
0.1563992	34
0.1564063	8
0.1564212	1
0.1564267	1
0.1564307	2
0.1564328	2
0.1564339	1
0.1564354	6
0.1564528	1
0.1564563	1
0.1564654	1
0.1564663	3
0.1564962	1
0.1564973	1
0.1565021	2
0.1565052	1
0.1565255	1
0.1565309	1
0.156556	1
0.1565757	1
0.1565811	1
0.1565827	1
0.1565854	1
0.1565883	1
0.1565959	1
0.156635	1
0.1566459	1
0.1566483	11
0.1566705	5
0.1566718	3
0.1566807	1
0.1566828	1
0.156685	14
0.1567206	1
0.1567304	1
0.1567415	10
0.1567443	5
0.1567592	1
0.1567688	1
0.156769	20
0.1567717	1
0.1567771	4
0.1567809	1
0.1567811	1
0.1567892	3
0.1568046	3
0.1568048	1
0.1568257	1
0.156826	1
0.156832	1
0.156852	1
0.1568535	3
0.1568626	1
0.1568737	1
0.1568836	5
0.1568858	1
0.1569016	1
0.1569062	1
0.156917	2
0.1569198	1
0.1569259	1
0.1569308	1
0.1569493	1
0.1569583	1
0.1569597	5
0.1569636	2
0.1569711	1
0.1569803	20
0.1570075	1
0.1570544	1
0.1570647	1
0.1570787	2
0.157089	1
0.1571004	1
0.1571193	1
0.157153	1
0.1571555	1
0.1571595	3
0.1571649	3
0.1571696	3
0.1571703	1
0.1571867	1
0.1571997	1
0.1572107	1
0.1572148	1
0.1572264	1
0.1572319	1
0.1572444	8
0.1572534	2
0.157257	10
0.1572854	3
0.1573041	35
0.1573816	3
0.1573937	1
0.1574054	1
0.1574108	1
0.1574217	1
0.1574387	1
0.1574627	6
0.1574801	1
0.1575285	9
0.1575484	6
0.1575648	1
0.1575678	1
0.1575943	1
0.1575986	14
0.1576079	1
0.157625	8
0.1576292	1
0.1576431	1
0.1576451	1
0.1576472	4
0.1576911	1
0.1577016	2
0.1577087	1
0.1577192	1
0.1577674	1
0.157777	1
0.157778	1
0.1577963	1
0.1578086	1
0.1578476	2
0.1578651	1
0.1578814	1
0.1579277	7
0.1579482	1
0.1579585	1
0.1579653	1
0.1579762	1
0.1579886	2
0.1580276	3
0.1580292	1
0.158031	4
0.1580327	1
0.1580501	3
0.1580518	1
0.1580538	2
0.1580579	1
0.1580613	2
0.1580786	1
0.1580813	1
0.1580986	3
0.1581052	1
0.1581111	1
0.1581199	3
0.1581289	4
0.1581389	1
0.1581514	1
0.1581652	1
0.1581759	1
0.1582324	1
0.1582356	1
0.1582452	15
0.1582586	1
0.1582875	4
0.1583164	5
0.1583392	3
0.1583452	1
0.158346	2
0.1583553	1
0.1583555	2
0.1583563	1
0.1583975	3
0.1584083	1
0.1584106	8
0.1584286	1
0.1584437	1
0.1584819	1
0.1584856	1
0.1584882	2
0.1584921	1
0.1584931	1
0.1584947	2
0.1585311	11
0.1586004	1
0.1586085	2
0.1586139	1
0.1586145	1
0.1586787	1
0.1587298	1
0.1587318	1
0.1587827	1
0.158836	7
0.1588427	2
0.1589126	2
0.1589209	1
0.1589719	7
0.1590166	1
0.1590219	1
0.1590267	1
0.1590493	3
0.1590523	1
0.1590526	4
0.1590634	1
0.1591093	1
0.1591273	1
0.1591361	20
0.1591595	12
0.1592074	1
0.1592237	1
0.1592852	1
0.1593049	1
0.159337	1
0.1593806	1
0.1593921	3
0.1593972	1
0.1593984	2
0.1594368	1
0.1595075	1
0.1595152	1
0.1595192	1
0.1595229	15
0.1595496	1
0.1595625	3
0.159582	2
0.1595993	1
0.1596174	1
0.1596226	3
0.1596706	1
0.159687	1
0.1596902	2
0.1597197	1
0.1597503	1
0.1597504	1
0.1597606	1
0.1597744	1
0.1598467	3
0.1598884	9
0.1598927	1
0.1598985	1
0.1599157	38
0.1599838	1
0.1600341	1
0.1600753	1
0.1600889	1
0.1600952	1
0.1600978	1
0.1601334	11
0.1601656	5
0.1601744	7
0.1601746	1
0.1601864	2
0.1602292	1
0.1603433	4
0.1603593	1
0.1603627	2
0.1603838	1
0.1604073	1
0.1605173	1
0.1605834	1
0.1605889	1
0.160599	2
0.1606575	1
0.1606654	14
0.1606688	1
0.1606865	1
0.1606984	1
0.1607021	1
0.1607267	4
0.1607323	1
0.1607528	7
0.160772	2
0.1608299	1
0.1608495	1
0.160873	1
0.1608915	1
0.1608971	2
0.1609213	1
0.1609341	1
0.1609561	3
0.160962	20
0.1609782	1
0.1610135	2
0.1610343	1
0.1610362	1
0.1610406	1
0.1611193	1
0.1611561	19
0.161194	1
0.1612622	1
0.1612841	1
0.161302	1
0.1613083	1
0.1613154	4
0.1613259	1
0.161328	14
0.161357	1
0.1613796	1
0.1614128	1
0.1614225	1
0.1614276	1
0.1614287	1
0.1614457	2
0.1614528	2
0.1614892	1
0.161502	3
0.1615066	1
0.1615349	1
0.1615643	1
0.161576	1
0.1616284	1
0.1616673	1
0.1616826	1
0.1617029	1
0.1617153	1
0.1617302	3
0.1617687	1
0.1617738	1
0.161782	22
0.1617943	2
0.1617966	1
0.1618614	2
0.1618735	8
0.1618788	1
0.1618859	2
0.1618953	1
0.1618962	1
0.1619282	3
0.1619288	1
0.1619321	1
0.1619765	1
0.161997	1
0.1620196	6
0.1620474	1
0.1621659	1
0.1621826	10
0.1621933	1
0.1622138	2
0.1622234	1
0.1622308	1
0.1622926	1
0.1623524	1
0.1623565	1
0.1623649	1
0.1623677	21
0.1624157	1
0.1624257	1
0.1624524	1
0.1624747	1
0.1625256	2
0.1626015	1
0.162637	1
0.1626754	1
0.1626859	2
0.1627001	2
0.1627367	4
0.1627972	1
0.1627985	2
0.1628178	1
0.1628334	2
0.1628708	8
0.1628937	4
0.1629521	1
0.1630041	1
0.1630131	2
0.1630843	1
0.1630897	1
0.1630991	1
0.163175	2
0.1632652	2
0.1632967	3
0.1633044	1
0.1633314	1
0.1633435	2
0.1633565	2
0.1633699	24
0.1634579	2
0.1634885	1
0.163538	2
0.1635541	1
0.1636103	1
0.1636861	1
0.1637041	2
0.1637535	1
0.163781	1
0.1637842	1
0.1639193	1
0.1639402	1
0.1639718	1
0.1639781	1
0.163981	1
0.1641101	1
0.164126	1
0.1641724	1
0.1642844	14
0.1642884	1
0.1642904	1
0.1643261	1
0.1644151	1
0.1644339	2
0.1644669	2
0.1645139	18
0.1645411	1
0.1645567	3
0.1646001	1
0.1646845	1
0.1646955	1
0.1646979	14
0.1647098	1
0.1647437	1
0.1647632	5
0.1647892	16
0.1648069	1
0.1648327	2
0.1648354	1
0.1648418	1
0.1648525	1
0.1649195	1
0.1649289	2
0.1649731	1
0.1649839	2
0.1650217	3
0.165057	1
0.1651346	1
0.1651529	2
0.1652501	4
0.1652616	15
0.1653509	1
0.1654031	1
0.1654608	3
0.1654709	1
0.1654732	1
0.1654893	1
0.1655325	1
0.165538	1
0.165544	1
0.1655631	1
0.1656264	3
0.1656291	1
0.1657254	1
0.1658142	1
0.1658183	2
0.1658554	1
0.1658772	1
0.1659031	1
0.1659405	2
0.1659514	1
0.1660637	1
0.1660877	1
0.1661029	1
0.1661951	11
0.166339	1
0.1663544	1
0.166393	1
0.166443	2
0.1664497	2
0.166473	1
0.1665044	4
0.1665097	1
0.166511	1
0.166515	8
0.166555	1
0.166564	2
0.1665676	3
0.1665985	2
0.1665997	2
0.1666921	1
0.1667178	1
0.1667342	10
0.1667454	1
0.1668745	1
0.1669459	1
0.1669894	1
0.166992	1
0.1670149	1
0.1670398	4
0.1670623	2
0.1670829	3
0.1671188	1
0.1671471	1
0.1672351	1
0.1673311	1
0.167335	2
0.1673457	1
0.1673574	1
0.1674037	1
0.1674388	1
0.1675773	1
0.1675971	2
0.167607	1
0.1676447	1
0.1676721	1
0.167673	8
0.1678663	1
0.1679772	1
0.1680805	1
0.1681052	1
0.1681298	1
0.1681304	1
0.1681564	1
0.1682083	1
0.1682601	1
0.1682937	2
0.1683049	1
0.1683134	1
0.168319	1
0.1683518	1
0.1683854	1
0.1684095	1
0.1684246	1
0.1685421	1
0.1685754	1
0.1687307	1
0.1688406	1
0.1688805	1
0.1688995	1
0.1691539	1
0.169164	1
0.1692947	1
0.1693062	2
0.1693377	1
0.1693704	1
0.1693787	1
0.1694114	1
0.1694474	1
0.1694903	1
0.1695433	1
0.1696933	5
0.1697778	1
0.16978	3
0.1698228	2
0.1698348	1
0.1699969	1
0.1700153	2
0.1701769	1
0.1701815	1
0.1702668	8
0.170277	1
0.1702922	1
0.1703451	1
0.1704534	1
0.1704849	1
0.1707258	1
0.1709181	4
0.1709894	1
0.171198	1
0.1712107	1
0.1713499	1
0.1714126	1
0.1716705	1
0.1716991	1
0.1717126	2
0.1719299	1
0.1719795	1
0.1720075	1
0.1721448	5
0.1721613	1
0.1721692	1
0.1722582	1
0.1724557	1
0.172656	1
0.172659	1
0.1727288	1
0.1728737	1
0.1731169	1
0.1733727	1
0.1734895	1
0.173564	1
0.1736885	1
0.1737585	1
0.1737986	1
0.1740565	1
0.1741526	1
0.1741621	1
0.174417	1
0.174608	1
0.1749617	1
0.1751528	1
0.1751916	1
0.1756395	1
0.1760628	1
0.1760636	1
0.1761904	1
0.1761909	1
0.1766671	5
0.1770945	1
0.1771331	1
0.1772033	1
0.1772573	1
0.1773742	1
0.1775218	2
0.177943	1
0.1780106	3
0.1781769	4
0.1781887	1
0.1783731	1
0.1784246	1
0.1784767	1
0.1786455	1
0.1788262	1
0.17895	1
0.1791894	1
0.1793958	1
0.1794039	1
0.1795746	1
0.1797086	1
0.179747	1
0.1798438	1
0.1799517	1
0.1800126	1
0.1803648	1
0.180545	1
0.1808325	1
0.180918	1
0.1810593	1
0.181146	2
0.1811578	1
0.1813074	1
0.1817663	1
0.1819879	1
0.1822793	1
0.1824452	1
0.1825143	1
0.1827808	1
0.1831352	1
0.1832125	1
0.1835692	1
0.1835942	1
0.1838278	1
0.1840568	1
0.1842103	1
0.1842222	1
0.1846505	1
0.1847675	1
0.1850104	1
0.1853541	1
0.1855794	1
0.1859464	1
0.1863957	1
0.186789	1
0.1867931	1
0.1872462	1
0.1873199	1
0.1875721	2
0.1886816	1
0.188764	1
0.1894612	3
0.1896653	1
0.1924495	1
0.1926599	1
0.1928482	3
0.1929561	1
0.1947651	1
0.1959831	1
0.1962578	1
0.1963573	1
0.1964511	3
0.196829	1
0.1974046	1
0.1983445	1
0.1994056	8
0.1998936	7
0.2003464	3
0.2005483	7
0.2013338	2
0.2014063	1
0.2021609	1
0.2033067	1
0.2033343	1
0.2036335	2
0.2040462	1
0.2044841	1
0.2047007	2
0.2057237	1
0.2060213	1
0.2063538	1
0.2071812	1
0.2075379	1
0.2077233	1
0.2081321	1
0.2116802	1
0.211823	1
0.2121983	1
0.2126741	1
0.2127281	4
0.2144268	5
0.2144659	1
0.2151336	31
0.2155726	2
0.2156135	1
0.2159534	1
0.2163342	1
0.2164798	1
0.2174311	3
0.218549	1
0.2185787	1
0.2189728	1
0.2190308	1
0.2194022	2
0.2194255	1
0.2194491	1
0.2194731	1
0.2195021	1
0.2196953	1
0.2199891	1
0.2206148	1
0.2210234	1
0.2210353	1
0.2210682	1
0.2212594	1
0.2213438	1
0.2215355	1
0.2216865	1
0.2220321	2
0.2223775	1
0.2230469	1
0.2240509	1
0.2241903	1
0.2241996	1
0.2242279	1
0.2243055	1
0.2244241	1
0.2244484	1
0.2245697	1
0.2249543	1
0.2249762	1
0.2257332	1
0.2260332	1
0.2264002	1
0.2266964	1
0.2272029	1
0.2272819	1
0.2273763	1
0.2274184	1
0.2278701	1
0.2279686	1
0.2281507	1
0.2282618	1
0.2286579	1
0.2289255	1
0.2289726	1
0.2292349	2
0.2296828	1
0.2297543	1
0.2298479	1
0.2298494	1
0.2300014	1
0.2303504	1
0.2306759	1
0.2308005	4
0.2308948	1
0.2310606	6
0.2313029	1
0.23194	1
0.2320136	1
0.2321151	1
0.2322305	1
0.2336694	1
0.2338175	1
0.2339245	1
0.234152	1
0.2345307	1
0.234699	1
0.2353649	1
0.2353697	1
0.2354763	1
0.2355118	1
0.2356401	1
0.2358259	1
0.2366931	1
0.2378414	1
0.2385947	1
0.2392079	1
0.2392214	1
0.2393549	254
0.2398209	1
0.2398719	1
0.2405454	1
0.2407544	1
0.2413644	1
0.2419721	1
0.2420793	1
0.2424053	1
0.2426274	1
0.2427775	1
0.2429426	1
0.2431458	1
0.2433025	55
0.2433917	2
0.2436301	1
0.24369	1
0.2438124	1
0.2442185	1
0.244503	3
0.2446011	1
0.2448219	2
0.2454474	2
0.2459738	1
0.2463298	1
0.2467562	1
0.24691	1
0.2469994	255
0.2470621	1
0.2474248	2
0.2474725	1
0.2475313	1
0.2476545	1
0.2480303	1
0.248304	1
0.248786	1
0.2494852	1
0.2498363	1
0.2503786	1
0.2510779	1
0.2513339	1
0.2514838	1
0.2518202	2
0.2535664	1
0.2537093	1
0.2540663	1
0.2543388	1
0.2549544	1
0.2556983	1
0.2568081	1
0.2572468	1
0.2583064	1
0.2586946	1
0.2594204	1
0.2594272	1
0.261211	1
0.2624602	1
0.2635409	1
0.2635429	1
0.2635947	1
0.2676527	1
0.2679949	1
0.2684131	1
0.2738985	1
0.2741749	1
0.2747324	1
0.2763635	1
0.2788535	2
0.2802673	8
0.2841201	1
0.2860476	1
0.2892485	2
0.2903497	1
0.2932931	1
0.2936489	1
0.2975477	2
0.311095	1
0.3135528	1
0.3194104	5
0.3235214	1
0.3280692	1
0.3287097	12
0.3291722	1
0.3307333	2
0.3316755	1
0.3318476	1
0.3324059	1
0.3329244	1
0.3330047	1
0.3331174	1
0.3334123	1
0.3336286	1
0.3366051	3
0.3380224	1
0.3407044	1
0.342999	1
0.3431332	1
0.3431822	1
0.3439988	12
0.3441975	1
0.3444844	1
0.3449407	1
0.3457187	1
0.3482245	1
0.3507446	1
0.3514781	1
0.3515114	1
0.3592081	1
0.3595351	1
0.3607851	1
0.3675998	1
0.3680393	1
0.3681862	1
0.3706171	1
0.3733918	1
0.3786034	3
0.3860193	1
0.3945471	3
0.3999643	1
0.4105345	4
0.4113566	1
0.4138359	1
0.4146358	1
0.4180646	1
0.4262932	1
0.4345811	1
0.436752	1
0.4396134	1
0.4409981	1
0.4548507	1
0.4655423	1
0.4677633	1
0.4718664	1
0.4777599	1
0.5015783	1
0.5055582	1
0.5133819	1
0.5725307	2
0.5764068	1
0.580487	1
0.5975677	1
0.601584	1
0.6043302	1
0.6319217	1
0.6477378	1
0.6849519	1
0.7365321	1
0.7389981	1
0.7396526	4
0.7405598	1
0.7425702	1
0.7428229	2
0.7613661	1
0.8154124	1
0.8163196	3
0.8207498	2
0.8222528	1
0.8392068	1
0.9117143	1
1.0746944	1
1.0852012	1
1.1264548	1
1.1342633	1
1.1401126	1
1.1499165	1
1.1500683	1
1.1762779	1
1.1929207	1
1.1970901	1
1.2060016	1
1.2093572	1
1.2155735	1
1.2271721	1
1.2464733	1
1.3705349	1
1.4554247	1
1.6238374	1
1.6567005	1
