rank	number
0.15	1
0.15008157	1490
0.15013332	1129
0.15013609	900
0.15013758	1129
0.15016314	1
0.15016699	2
0.15017717	10
0.15017791	9
0.15017841	10
0.15020499	3
0.15020826	234
0.15021154	3
0.15023258	10
0.15023343	10
0.15025082	34
0.15025868	125
0.15026507	212
0.15026594	212
0.15026665	18
0.15026694	125
0.15027435	11
0.15027516	18
0.15028446	53
0.1502913	8
0.15032423	83
0.15032453	385
0.15032474	108
0.15032753	53
0.15032817	293
0.15033169	5
0.15033229	70
0.15033399	3
0.15033458	83
0.15033511	122
0.15033662	8
0.1503405	67
0.15034233	385
0.15034594	2
0.15035033	69
0.15035138	67
0.15035148	42
0.15035336	7
0.15035434	4
0.15035582	1
0.15035681	2
0.15035737	30
0.15036201	44
0.15036331	19
0.15036825	4
0.15037172	125
0.15037358	44
0.15037491	19
0.1503802	92
0.15038901	224
0.15038971	289
0.15039997	2
0.15040006	11
0.15040448	25
0.15040828	291
0.15040868	205
0.15041274	2
0.15041739	25
0.15042079	108
0.15043423	108
0.15044883	134
0.15045041	5
0.15045671	5
0.15045685	3
0.15046515	4
0.15046551	1
0.150466	64
0.15046685	5
0.15046703	1
0.15046913	215
0.15047815	2
0.15047909	4
0.15048041	18
0.15048154	72
0.15048211	31
0.15048268	104
0.15048382	3
0.15048383	24
0.15048578	11
0.15048614	90
0.15048673	47
0.15048789	17
0.15048808	71
0.15048923	208
0.15048981	167
0.15049039	355
0.15049082	104
0.15049084	1
0.15049156	72
0.15049262	14
0.15049342	2
0.15049391	346
0.1504945	194
0.15049575	18
0.15049683	28
0.15049692	72
0.15049744	6
0.15049751	31
0.15049805	63
0.1504981	104
0.15049866	76
0.15049867	38
0.15049929	24
0.15050049	15
0.15050098	3
0.15050164	5
0.15050167	90
0.15050227	47
0.15050235	14
0.15050348	17
0.15050476	178
0.15050538	30
0.150506	208
0.15050651	1
0.15050662	517
0.15050736	14
0.15050761	15
0.15050835	14
0.15050863	13
0.1505099	144
0.15051037	15
0.15051229	28
0.15051247	14
0.1505127	28
0.15051312	15
0.15051332	6
0.15051395	65
0.15051458	76
0.15051505	163
0.15051546	16
0.15051637	15
0.15051675	15
0.15051706	23
0.15051736	27
0.15051769	10
0.15051805	15
0.15051839	14
0.15052066	15
0.15052131	7
0.15052234	11
0.15052356	14
0.15052448	8
0.15052462	15
0.15052487	13
0.15052596	15
0.15052619	12
0.15052708	11
0.15052865	39
0.15052884	14
0.15052951	14
0.15053014	2
0.15053068	14
0.15053121	2
0.15053188	2
0.15053189	27
0.1505326	1
0.15053287	15
0.15053329	1
0.15053349	1
0.15053388	27
0.15053422	10
0.15053474	63
0.15053549	15
0.15053739	222
0.15053767	64
0.15053823	11
0.15053902	11
0.15053973	10
0.15054109	1
0.15054306	52
0.15054379	24
0.15054391	11
0.15054478	4
0.15054538	19
0.15054683	15
0.15054691	23
0.15054718	15
0.15054817	31
0.1505487	56
0.15054957	115
0.15054961	1
0.15054974	1
0.15055033	1
0.15055286	5
0.15055396	27
0.15055542	11
0.15055569	11
0.1505574	16
0.15055838	1
0.15055893	225
0.15055962	63
0.15055987	97
0.15056041	63
0.15056047	56
0.15056125	13
0.15056143	10
0.15056169	21
0.15056202	78
0.15056287	47
0.15056358	34
0.15056381	183
0.15056388	35
0.15056438	23
0.1505659	22
0.15056672	10
0.15056759	55
0.15056832	52
0.15056878	7
0.15056893	98
0.15056897	58
0.15057005	310
0.15057021	1
0.15057051	5
0.15057292	20
0.1505752	16
0.15057678	225
0.150577	13
0.15057717	3
0.15057788	23
0.15057837	56
0.15057917	13
0.15057997	78
0.15058158	34
0.15058261	50
0.15058291	3
0.15058429	54
0.15058482	10
0.15058638	2
0.15058678	1
0.15059011	40
0.15059132	12
0.15059286	12
0.1505956	3
0.15059609	207
0.15060152	3
0.15060475	23
0.15060557	1
0.15061732	1
0.15062241	47
0.150623	1
0.15062399	5
0.15062602	3
0.15063013	3
0.15063122	119
0.15063322	118
0.15064014	156
0.15064198	11
0.15064605	4
0.15064845	23
0.15064949	27
0.15065448	31
0.15065507	107
0.15065633	30
0.15066338	43
0.15066357	35
0.15066457	13
0.15066482	24
0.15066676	11
0.15066797	1
0.15066916	23
0.15067023	38
0.15067325	11
0.15067359	16
0.15067509	55
0.15068046	59
0.15068101	4
0.15068159	28
0.15068746	1
0.15068863	37
0.15068873	11
0.15068999	2
0.1506917	88
0.15069182	17
0.1506921	48
0.15069292	16
0.15070066	27
0.15070156	66
0.15070204	98
0.15070252	8
0.15070276	4
0.15070295	27
0.15070672	3
0.1507071	162
0.15071019	130
0.15071164	1
0.15071173	7
0.15071276	4
0.15071303	13
0.15071364	1
0.15071426	2
0.15071508	33
0.15071841	109
0.1507233	32
0.15072396	66
0.15072403	3
0.15072496	8
0.15072661	2
0.15072686	7
0.15072918	61
0.15073554	72
0.15073968	1
0.15074345	49
0.15074542	12
0.15074715	3
0.15074743	16
0.15074805	2
0.15074982	2
0.15075669	58
0.1507604	2
0.15076778	1
0.15076814	9
0.15076848	46
0.15076928	27
0.15077042	45
0.15077157	9
0.15077445	30
0.15077604	1
0.15077802	14
0.15077839	8
0.15077898	7
0.15077942	7
0.15078443	9
0.15078505	40
0.15078527	21
0.1507856	27
0.15078676	28
0.15078678	45
0.15078716	1
0.15078797	9
0.1507923	1
0.15079354	1
0.15079637	9
0.15079746	39
0.15079828	1
0.15079845	17
0.15079864	29
0.15079985	15
0.15080013	117
0.15080082	1
0.15080118	63
0.15080792	18
0.15080895	30
0.15080913	64
0.15080994	5
0.1508123	1
0.15081335	43
0.15081504	2
0.15081736	1
0.15081913	1
0.15081998	3
0.15082301	3
0.15082319	1
0.15082434	1
0.15082542	1
0.1508271	23
0.15083063	4
0.15083479	30
0.15083886	24
0.15084093	2
0.15084117	103
0.15084295	1
0.15084431	20
0.15084542	3
0.15084628	1
0.15084792	33
0.15084855	34
0.15084923	97
0.15084945	7
0.15084948	1
0.15085003	5
0.15085067	1
0.15085268	1
0.15085339	6
0.15085444	1
0.15085769	1
0.1508585	1
0.15085851	65
0.15085896	1
0.15085983	1
0.15086023	1
0.15086272	63
0.1508628	1
0.15086629	2
0.1508667	1
0.15086802	1
0.15086854	78
0.15086987	1
0.15087064	87
0.15087242	3
0.15087267	1
0.15087391	5
0.15087495	48
0.15087504	1
0.15087615	29
0.15087635	1
0.15087658	7
0.15087711	4
0.15087718	5
0.15087741	1
0.15087762	30
0.15087767	1
0.15087783	34
0.15087915	13
0.15088032	1
0.1508825	41
0.1508834	21
0.15088434	1
0.1508857	1
0.15088831	11
0.15088856	1
0.1508901	2
0.1508905	1
0.1508912	3
0.15089202	4
0.15089453	6
0.15089539	1
0.15089639	18
0.15089659	74
0.15089734	108
0.15089766	23
0.15089821	7
0.15090083	4
0.15090233	1
0.15090319	1
0.15090449	36
0.1509069	1
0.15090713	1
0.15090721	75
0.15090726	9
0.15090824	3
0.15090977	16
0.15091341	61
0.15091369	24
0.15091432	30
0.15091638	27
0.15091667	7
0.15091724	1
0.15091967	3
0.1509197	1
0.15092024	1
0.15092027	16
0.15092155	26
0.15092199	1
0.15092824	40
0.15093031	1
0.150932	33
0.15093215	87
0.15093356	21
0.1509337	46
0.15093514	1
0.15093597	42
0.1509361	1
0.15093675	4
0.15093827	12
0.15093906	91
0.15094106	106
0.15094202	7
0.15094466	28
0.15094753	3
0.15095166	44
0.1509525	9
0.15095461	5
0.15095662	2
0.1509574	24
0.15095772	3
0.15095818	7
0.15095906	6
0.15096081	6
0.15096178	42
0.15096195	2
0.15096244	8
0.15096308	14
0.15096423	7
0.15096537	26
0.1509665	59
0.15096652	1
0.15096738	111
0.15096753	29
0.15096764	2
0.15096767	4
0.15096907	5
0.15097157	6
0.15097229	17
0.15097268	4
0.15097287	3
0.15097345	8
0.15097358	120
0.15097423	4
0.15097579	5
0.15097584	58
0.15097615	5
0.15097647	13
0.15097728	31
0.15097731	4
0.15097788	31
0.15097815	56
0.15097846	20
0.15097847	2
0.15097962	29
0.15097965	4
0.15097992	18
0.15098079	54
0.15098163	45
0.15098195	4
0.15098312	4
0.15098398	12
0.1509845	3
0.15098782	23
0.15098787	32
0.150989	10
0.15099133	1
0.1509915	6
0.15099161	13
0.15099213	92
0.15099267	2
0.15099382	36
0.15099384	14
0.15099487	4
0.15099497	2
0.15099502	7
0.15099549	4
0.15099609	1
0.1509962	26
0.1509967	4
0.15099686	7
0.15099731	12
0.15099739	1
0.15099857	4
0.15099935	5
0.15100334	17
0.15100374	4
0.15100394	3
0.15100454	8
0.15100504	17
0.15100534	8
0.15100538	70
0.15100629	1
0.15100654	35
0.15100695	5
0.15100722	2
0.15100745	3
0.15100887	138
0.15100953	6
0.15101076	2
0.15101138	1
0.151012	7
0.15101262	3
0.15101324	22
0.15101327	10
0.15101522	22
0.151016	1
0.1510198	2
0.15102151	1
0.15102158	4
0.15102334	3
0.15102458	1
0.15102591	73
0.15102665	4
0.15102675	4
0.15102698	120
0.1510271	24
0.15102728	4
0.1510279	2
0.15102853	4
0.15102875	24
0.15102916	12
0.15102936	4
0.15102997	28
0.1510301	5
0.15103058	72
0.15103075	5
0.15103093	16
0.15103113	42
0.15103171	24
0.15103323	4
0.15103391	15
0.15103412	1
0.15103472	1
0.15103481	2
0.15103495	2
0.15103719	2
0.15103998	40
0.15104257	4
0.15104302	7
0.15104327	2
0.15104337	1
0.15104346	2
0.15104844	2
0.15105106	8
0.15105223	22
0.15105354	16
0.15105414	1
0.15105621	39
0.15105729	3
0.15105779	2
0.15106024	58
0.15106193	1
0.15106379	2
0.15106453	1
0.15106544	24
0.15106702	24
0.15106709	2
0.15106765	4
0.15106777	1
0.15106786	2
0.15106827	28
0.15106861	5
0.1510689	72
0.15106949	3
0.15106961	42
0.15107021	24
0.1510705	4
0.15107211	5
0.15107374	1
0.15107477	9
0.15107534	30
0.15107592	1
0.15107634	7
0.1510773	4
0.15107772	5
0.1510778	1
0.15107824	22
0.15107947	31
0.15108293	2
0.15108346	5
0.1510851	1
0.15108604	6
0.15108612	4
0.15108613	3
0.15108758	4
0.15108829	2
0.15108956	8
0.15108992	2
0.15109077	2
0.15109139	3
0.15109342	14
0.15109436	1
0.15109499	9
0.1510968	1
0.1510974	11
0.15109853	1
0.15109862	1
0.15109914	14
0.15110043	1
0.1511005	25
0.15110406	1
0.15110527	1
0.15110952	9
0.15111137	1
0.15111165	64
0.15111517	15
0.15111871	1
0.15111876	2
0.15111923	3
0.15112023	6
0.15112073	6
0.15112082	4
0.15112093	1
0.15112107	1
0.15112222	2
0.15112287	2
0.15112337	1
0.15112473	2
0.15112574	16
0.15112745	94
0.15112762	11
0.15112776	34
0.15112793	1
0.15113021	3
0.15113109	3
0.15113333	1
0.1511334	1
0.15113464	1
0.15113519	27
0.15113663	4
0.15113756	3
0.15113786	20
0.1511401	10
0.1511406	1
0.15114109	1
0.15114331	40
0.15114423	1
0.15114523	4
0.1511453	8
0.15114584	50
0.15114739	13
0.15114755	82
0.15114828	1
0.15114972	1
0.15115031	1
0.15115575	25
0.15115876	51
0.1511635	92
0.15116522	7
0.15116703	10
0.15116721	3
0.15116794	27
0.15116859	12
0.15116912	1
0.15116934	1
0.15117307	1
0.15117355	6
0.15117979	50
0.15118022	2
0.15118458	1
0.15119217	15
0.1511989	3
0.15119957	1
0.1511996	1
0.15120019	2
0.15120111	1
0.15120821	27
0.15120873	2
0.15120951	4
0.15121276	1
0.15121334	1
0.15121468	1
0.15121779	2
0.15121902	1
0.15121964	1
0.15122026	1
0.15122045	7
0.15122088	1
0.15122227	2
0.15122461	13
0.15122887	109
0.15122904	1
0.15123792	1
0.15124076	49
0.15124482	2
0.15124599	1
0.15124629	3
0.15124733	2
0.15124797	19
0.1512499	1
0.15125149	1
0.15125204	22
0.15125209	1
0.15125347	1
0.15125393	2
0.15125451	2
0.15126027	15
0.15126245	21
0.15126641	1
0.15126645	4
0.15127715	1
0.15127872	1
0.15128027	23
0.15128205	19
0.15128395	3
0.15128598	4
0.15128846	1
0.15128981	1
0.15129209	18
0.15129398	2
0.15129458	2
0.15129897	1
0.15130587	3
0.15130817	1
0.15130874	18
0.15130896	69
0.15130933	1
0.15131014	7
0.1513135	1
0.15132205	3
0.15132677	3
0.15132753	3
0.15132914	3
0.15132964	7
0.15133352	2
0.15133354	1
0.1513356	4
0.15133676	2
0.1513376	1
0.15134032	4
0.15134046	8
0.15134116	1
0.1513465	1
0.15134758	3
0.15134995	1
0.15135018	2
0.15135115	1
0.1513542	6
0.15135499	1
0.15135857	2
0.15136092	30
0.15136318	3
0.15136434	1
0.15136466	5
0.15136632	3
0.15136993	3
0.15137032	2
0.15137311	1
0.15137726	8
0.15137746	1
0.15137825	4
0.15137941	2
0.15137945	2
0.15137971	5
0.1513801	12
0.1513834	11
0.1513842	1
0.15139033	4
0.1513904	23
0.1513916	1
0.15139271	27
0.15139546	11
0.15139716	1
0.15140055	5
0.15140311	56
0.15140408	1
0.15140412	5
0.15140504	1
0.1514074	4
0.15140894	2
0.15141122	1
0.15141218	1
0.15141243	2
0.15141419	3
0.15141424	2
0.15141561	3
0.15141978	3
0.15142038	5
0.15142069	3
0.15142232	1
0.15142562	3
0.15143178	2
0.15143276	1
0.15143682	1
0.15143727	6
0.15143788	1
0.15144061	3
0.15144069	3
0.15144077	1
0.15144122	2
0.15144132	3
0.15144463	5
0.15144634	1
0.15144652	70
0.1514466	49
0.15144691	1
0.15144793	57
0.15144805	10
0.15144867	3
0.15144872	2
0.15144991	1
0.1514515	1
0.15145181	2
0.15145212	5
0.15145697	6
0.15145843	11
0.1514596	3
0.15145974	2
0.15146018	3
0.15146033	2
0.151463	1
0.15146368	1
0.1514686	2
0.15146944	1
0.1514708	3
0.15147109	40
0.15147234	1
0.15147245	4
0.15147312	2
0.15147467	3
0.15147813	4
0.15148041	1
0.15148075	2
0.1514869	13
0.15148703	4
0.15148725	2
0.15148819	70
0.15148913	2
0.1514904	4
0.15149049	2
0.15149077	5
0.15149084	3
0.15149087	2
0.15149133	1
0.15149242	2
0.15149253	1
0.1514932	1
0.15149394	1
0.15149414	2
0.1514943	10
0.15149473	46
0.15149486	1
0.15149541	2
0.15149609	4
0.15149611	15
0.15149676	2
0.15149735	1
0.15149786	1
0.1514985	6
0.15149889	2
0.15150177	2
0.1515032	2
0.15150432	2
0.15150443	2
0.15150501	11
0.15150621	3
0.15150681	3
0.15150699	2
0.15150831	2
0.15150929	1
0.15150982	9
0.15151039	4
0.15151042	89
0.15151043	1
0.15151083	2
0.15151274	2
0.15151334	1
0.15151338	25
0.15151467	1
0.15151516	1
0.15151672	1
0.1515177	2
0.15151859	2
0.15151985	2
0.15151986	2
0.15152016	2
0.1515208	3
0.1515216	2
0.15152534	4
0.15152581	17
0.15152665	58
0.15152756	2
0.15152885	2
0.15152911	1
0.1515297	2
0.15153068	11
0.15153216	1
0.15153311	1
0.15153335	2
0.1515347	1
0.1515352	2
0.15153557	1
0.15153669	2
0.151538	4
0.15153809	2
0.15153916	2
0.15153936	2
0.15154039	2
0.15154186	2
0.15154317	2
0.15154352	87
0.15154515	1
0.15154949	2
0.15155121	2
0.15155208	1
0.15155247	2
0.15155296	1
0.15155512	2
0.15155604	4
0.15155648	2
0.15155677	1
0.15155863	4
0.15155883	1
0.15155997	1
0.15156073	1
0.15156116	1
0.15156617	2
0.15156762	36
0.1515701	61
0.1515702	2
0.15157055	6
0.15157352	10
0.15157535	8
0.15157571	1
0.15157635	2
0.15157644	3
0.15157674	1
0.15157715	2
0.15157768	2
0.15157774	1
0.15158183	6
0.15158233	2
0.15158372	5
0.15158461	1
0.15158623	1
0.15158637	3
0.1515876	1
0.15158852	2
0.15158875	1
0.15158991	3
0.15159107	2
0.15159115	1
0.15159223	3
0.1515934	1
0.15159493	2
0.15159656	2
0.15159665	1
0.1515969	4
0.15159727	6
0.15159792	1
0.15159896	93
0.15159899	1
0.15160025	6
0.15160157	2
0.15160165	1
0.15160236	32
0.15160642	2
0.15160655	1
0.15160678	2
0.15161302	4
0.1516132	3
0.15161583	6
0.15161801	1
0.15161826	4
0.15161988	4
0.15162073	1
0.15162372	1
0.15162538	2
0.15162709	1
0.15162917	25
0.15162929	1
0.15163007	2
0.15163356	1
0.15163615	1
0.15163672	2
0.15163951	1
0.15163996	1
0.15164083	2
0.15164601	2
0.15164609	4
0.15164871	14
0.15165084	2
0.15165263	2
0.1516542	8
0.15165476	35
0.15165949	24
0.15166876	7
0.15167557	2
0.15167669	5
0.15168235	13
0.15168299	66
0.15168573	1
0.15168744	1
0.15168861	1
0.15169084	2
0.15169143	6
0.15169442	39
0.15169583	8
0.15169709	5
0.15169846	11
0.1516989	1
0.15170225	1
0.15170278	6
0.15170495	9
0.15170692	2
0.15170774	1
0.15171015	3
0.15171236	1
0.15171254	4
0.15171701	1
0.15171876	1
0.15172019	3
0.15172243	40
0.15172543	6
0.15172553	3
0.15172895	3
0.15172994	3
0.15173237	9
0.15173579	15
0.15173709	1
0.15173816	1
0.15173924	3
0.15173926	1
0.15174124	1
0.15174129	20
0.15174217	1
0.15174477	49
0.15174484	2
0.15174622	23
0.15174783	2
0.15174989	2
0.15175122	29
0.15175229	2
0.15175241	1
0.15175288	3
0.15175316	1
0.15175354	80
0.15175422	6
0.15175524	9
0.15175566	12
0.15175693	1
0.15175834	32
0.15176465	1
0.1517668	12
0.15176705	2
0.15177108	1
0.15177542	11
0.15177593	3
0.15177656	1
0.15177773	1
0.15177859	2
0.15177945	9
0.15177979	7
0.1517823	92
0.15178298	15
0.15178471	3
0.15178654	3
0.15178826	4
0.15178892	11
0.15178905	5
0.15179184	1
0.15179317	11
0.15179365	95
0.15179389	1
0.15179469	52
0.15179533	12
0.15179586	69
0.15179685	1
0.15179734	1
0.15179772	8
0.15180165	1
0.15180459	8
0.15180899	10
0.15180965	3
0.15181076	1
0.15181081	1
0.15181317	1
0.15181392	18
0.15181443	6
0.15181452	11
0.15181648	2
0.15181653	2
0.15182091	1
0.15182101	1
0.15182174	2
0.15182232	1
0.15182349	3
0.15182409	4
0.15182457	1
0.15182682	6
0.15182739	5
0.15182864	1
0.15182939	1
0.15183039	1
0.15183235	4
0.15183276	9
0.15183335	1
0.15183497	1
0.15183529	32
0.15183655	20
0.15184054	1
0.1518408	4
0.1518431	8
0.15184464	1
0.15184584	4
0.15184632	27
0.15184668	4
0.15184731	16
0.1518474	3
0.15185412	2
0.15185526	2
0.1518564	6
0.15185648	3
0.15185754	4
0.1518577	1
0.15185862	1
0.15185868	6
0.15185883	8
0.15185983	2
0.15186061	1
0.15186231	1
0.15186401	32
0.15186431	14
0.15186458	21
0.15186571	1
0.15186601	14
0.1518674	1
0.15186744	3
0.15186859	1
0.15187221	3
0.15187242	4
0.15187349	4
0.15187455	2
0.15187516	22
0.15187654	1
0.15187722	4
0.15187744	1
0.15187812	10
0.15187992	2
0.15188018	6
0.15188052	1
0.15188172	1
0.15188213	14
0.15188404	1
0.15188536	26
0.15188541	1
0.15188932	24
0.15189062	8
0.15189187	3
0.15189367	6
0.15189507	7
0.15189653	3
0.15189687	3
0.15189887	1
0.15190498	4
0.151905	2
0.15190546	3
0.15190983	1
0.1519099	1
0.15191334	2
0.15191451	2
0.15191544	2
0.15191569	6
0.15191623	24
0.15191635	1
0.15191636	9
0.15191686	4
0.15191703	1
0.15191804	6
0.15191923	2
0.15191984	4
0.15192041	1
0.15192142	1
0.15192162	4
0.15192357	10
0.15192419	2
0.15192617	10
0.15192845	8
0.15193074	16
0.151933	1
0.15193476	1
0.15193533	3
0.15193814	2
0.15194458	15
0.15194505	1
0.15194691	8
0.15194706	7
0.15194846	1
0.15195122	8
0.15195157	1
0.15195167	4
0.15195396	2
0.15195456	13
0.15195576	2
0.15195631	11
0.15195722	16
0.15195778	1
0.15195952	1
0.15195984	6
0.15196158	8
0.15196327	1
0.15196333	1
0.15196334	9
0.15197276	1
0.15197277	1
0.15197355	1
0.15197438	3
0.15197569	1
0.15197575	12
0.15197743	24
0.15198299	4
0.15198321	6
0.15198426	17
0.15198651	1
0.15198732	6
0.15198765	4
0.15198769	10
0.15198914	1
0.15198975	1
0.15199004	8
0.15199036	1
0.15199096	1
0.15199125	2
0.15199218	7
0.1519924	16
0.15199247	1
0.15199406	4
0.15199462	18
0.15199714	3
0.15199749	4
0.15199834	13
0.15199874	3
0.15200395	2
0.1520043	1
0.15200669	15
0.15200909	8
0.15201008	4
0.15201019	1
0.15201069	2
0.15201075	16
0.15201251	58
0.1520139	1
0.15201541	4
0.15201774	12
0.15202031	5
0.15202171	1
0.15202238	1
0.15202241	6
0.15202404	3
0.15202423	1
0.15202605	9
0.15202606	7
0.15202789	18
0.1520294	1
0.15203043	14
0.1520319	2
0.15203447	4
0.15203579	2
0.15203959	1
0.15204137	1
0.15204211	4
0.15204502	2
0.15205044	1
0.15205079	6
0.15205181	13
0.15205191	33
0.15205267	1
0.15205288	2
0.15205306	1
0.1520533	1
0.15205393	1
0.15205425	2
0.15205581	7
0.15205684	1
0.15205833	18
0.15205855	1
0.15206185	4
0.15206443	3
0.15206702	2
0.15206782	7
0.1520696	1
0.15207095	9
0.15207525	4
0.15207545	2
0.15208011	1
0.15208046	1
0.1520805	1
0.15208259	1
0.15208284	2
0.15208533	1
0.15208697	1
0.15208888	1
0.15209055	2
0.15209159	2
0.15209241	6
0.15209322	1
0.15209429	1
0.15209618	7
0.15209746	1
0.15209773	8
0.15209807	18
0.15210115	2
0.15210213	1
0.15210467	10
0.1521059	1
0.15210708	4
0.15210756	2
0.15211109	1
0.1521123	1
0.15211241	2
0.15212049	14
0.15212385	1
0.15212546	2
0.15212906	1
0.1521294	21
0.15213154	2
0.15213235	1
0.15213336	1
0.15213497	1
0.15213897	1
0.15214241	12
0.15215069	10
0.15215092	1
0.15215303	17
0.15215459	1
0.15215544	2
0.15215559	1
0.15215665	1
0.15215894	3
0.15216551	8
0.15216743	2
0.15216902	1
0.15216991	1
0.15217189	10
0.15217225	1
0.15217487	2
0.15217516	3
0.15217824	6
0.15217912	1
0.15217984	1
0.15218277	1
0.15218505	2
0.15218679	1
0.15218684	6
0.15218998	1
0.15219018	1
0.1521924	2
0.15219256	1
0.15219706	1
0.15219828	9
0.1522015	1
0.15220625	6
0.15220663	3
0.15220682	2
0.15220812	1
0.15221629	10
0.15221646	2
0.15221961	1
0.15222101	2
0.1522233	8
0.15222859	3
0.15222944	1
0.15223034	2
0.15223455	12
0.15223846	1
0.15224045	1
0.15224165	7
0.15224808	10
0.15224946	1
0.15225148	6
0.15225312	5
0.15225483	2
0.15225491	34
0.15225523	1
0.15225663	1
0.15225891	3
0.15226308	175
0.15226482	6
0.15226826	3
0.15227007	2
0.15227038	7
0.15227324	1
0.15227392	2
0.15227572	2
0.1522802	1
0.15228201	2
0.15228398	10
0.15228725	2
0.15228753	6
0.15229046	2
0.15229169	5
0.15229194	2
0.15229511	10
0.15230312	37
0.1523042	1
0.15230544	11
0.15230789	3
0.15231751	7
0.15231791	4
0.15231988	10
0.1523209	3
0.15232275	6
0.15232334	5
0.15232577	1
0.15232699	7
0.15232812	3
0.15232869	1
0.15232983	1
0.15233044	1
0.15233694	2
0.15233717	12
0.1523431	4
0.15234426	2
0.15234567	2
0.15234646	2
0.15234756	3
0.15235407	2
0.15235458	1
0.15235489	2
0.15235957	10
0.15236937	1
0.15237146	1
0.15237251	1
0.15237329	2
0.15237763	1
0.15237899	1
0.15238086	1
0.15238158	1
0.1523816	3
0.15238435	1
0.15238688	1
0.15238735	1
0.15238912	2
0.15238917	1
0.15239239	8
0.15239434	1
0.15239519	2
0.15239955	1
0.15239983	3
0.15240038	9
0.15240247	3
0.15240353	8
0.1524043	2
0.15240436	4
0.15240544	1
0.15240771	2
0.15240772	2
0.15240886	2
0.15241	2
0.15241078	3
0.15241114	5
0.15241228	1
0.15241342	6
0.15241343	1
0.15241457	1
0.15241572	1
0.15241723	1
0.15241797	1
0.15241861	1
0.15241964	1
0.15242175	3
0.1524222	2
0.15242253	3
0.15242686	1
0.15243405	1
0.15243435	1
0.15243704	1
0.15244006	5
0.15244089	3
0.15244497	1
0.15244922	5
0.15245709	1
0.15245774	8
0.15245951	34
0.1524604	10
0.15246886	1
0.15247344	8
0.1524751	1
0.15247994	4
0.15248109	2
0.15248152	7
0.15248226	1
0.15248461	2
0.15248462	2
0.15248579	1
0.1524858	1
0.15248697	2
0.15248719	1
0.15248772	6
0.15248815	5
0.15248932	1
0.15248956	14
0.1524905	6
0.15249051	1
0.15249084	1
0.15249169	1
0.15249189	8
0.15249287	1
0.15249337	1
0.15249411	1
0.15249595	11
0.15249934	4
0.15250236	3
0.15250409	14
0.15250437	1
0.15250481	1
0.15250602	29
0.15250721	11
0.15251116	4
0.15251658	2
0.15252054	16
0.15252317	3
0.15252352	3
0.1525249	2
0.15253296	1
0.15253625	1
0.15253626	1
0.15253969	6
0.15254004	1
0.15254452	3
0.15254591	4
0.1525477	4
0.15255793	28
0.15255798	8
0.15256018	3
0.15256055	1
0.15256411	5
0.15256663	1
0.15256683	24
0.15257039	1
0.15257397	1
0.15257462	14
0.15257702	8
0.15257881	2
0.1525808	1
0.15258419	14
0.15258952	1
0.1525924	1
0.15260207	1
0.15260382	1
0.15261193	1
0.15261726	1
0.15261747	5
0.15261791	39
0.15261943	4
0.1526208	6
0.15262549	1
0.15263133	1
0.1526365	1
0.15263926	2
0.15264174	4
0.15264192	1
0.15265506	1
0.15265882	4
0.15266319	7
0.15266418	1
0.15266472	1
0.15266526	2
0.15267148	1
0.15267178	2
0.15267219	24
0.15267223	1
0.15267236	1
0.15267352	1
0.15267387	1
0.15267539	1
0.152677	37
0.15268761	1
0.15268976	4
0.15269077	2
0.15269177	1
0.15269203	2
0.1526929	1
0.15269299	1
0.15269545	9
0.15269894	3
0.15270116	15
0.15270237	1
0.15270373	1
0.15270632	1
0.1527069	3
0.15270782	1
0.15270839	2
0.15270853	1
0.15270934	1
0.15270946	5
0.15271094	3
0.15271233	4
0.15271974	22
0.15272164	4
0.15272183	4
0.15272308	1
0.15272422	1
0.15272933	2
0.15273232	1
0.15273294	1
0.15273482	1
0.15273662	1
0.15273733	1
0.15273937	1
0.15273986	1
0.15274024	1
0.15274784	1
0.15274915	1
0.15274937	2
0.15275136	4
0.15275216	1
0.15275225	4
0.15275711	2
0.15275771	1
0.1527578	42
0.15275868	1
0.15275891	1
0.1527607	1
0.15276249	38
0.15276468	1
0.15276726	1
0.15276742	3
0.15277155	4
0.15277329	9
0.15277429	1
0.15277918	15
0.15278042	1
0.15278081	3
0.15278138	1
0.15278149	4
0.15278184	2
0.15278402	1
0.15278472	1
0.15278511	3
0.15278693	9
0.15278907	25
0.15279092	2
0.15279238	2
0.15279431	1
0.1527951	4
0.15279601	6
0.15279646	4
0.15279811	1
0.15279899	4
0.15280069	3
0.15281481	1
0.15281719	1
0.15281906	1
0.15282106	4
0.15282129	4
0.15282475	1
0.15283133	2
0.15283565	1
0.15283701	1
0.15283797	1
0.15284264	1
0.1528441	36
0.15284826	1
0.15284971	1
0.15285191	1
0.15285393	4
0.15285469	2
0.15285721	1
0.15285963	4
0.15286175	1
0.15286381	1
0.15287153	2
0.15287154	1
0.15287454	19
0.15287854	1
0.15288123	1
0.15288357	6
0.15288535	8
0.15289303	27
0.15289956	1
0.15290343	4
0.15290654	2
0.15291166	4
0.15291296	1
0.15291643	1
0.15291674	14
0.15292086	1
0.15292147	4
0.15292176	2
0.15292751	1
0.15293046	1
0.15293097	6
0.15293714	8
0.1529417	13
0.15294218	1
0.15295555	8
0.15295717	1
0.15295814	1
0.15296015	2
0.15296123	1
0.1529639	2
0.15297281	4
0.15297571	14
0.15297638	9
0.15297862	8
0.15298043	1
0.15298524	1
0.15298706	1
0.15298879	1
0.15298889	1
0.15298946	35
0.15299011	1
0.15299153	9
0.15299217	1
0.15299222	4
0.1529969	1
0.15300465	1
0.15300613	1
0.15300923	4
0.15301613	4
0.1530167	4
0.15301755	1
0.153018	1
0.15301837	1
0.15302083	8
0.15302405	1
0.15302547	1
0.15302675	10
0.15302833	1
0.15303107	1
0.15303122	1
0.15303623	1
0.15303682	1
0.15304067	1
0.15304204	1
0.1530428	1
0.15304664	1
0.15305163	1
0.15305329	5
0.15305549	8
0.15305571	1
0.15305607	2
0.15305707	1
0.15305805	1
0.15305818	1
0.15305939	1
0.15307113	1
0.1530722	1
0.1530731	1
0.15307393	3
0.15307607	1
0.15307629	14
0.15307668	5
0.15307772	3
0.15307929	8
0.15308058	1
0.15308192	3
0.15308246	1
0.15308425	1
0.15308434	1
0.15308561	1
0.15308654	7
0.15309198	1
0.15309278	1
0.15309507	3
0.15309778	3
0.15310733	2
0.15310753	2
0.15311477	1
0.15311583	19
0.15311835	1
0.15312146	1
0.15312975	101
0.1531323	1
0.15313382	1
0.15313523	3
0.15314021	2
0.15314201	50
0.15315572	1
0.15315612	1
0.153162	1
0.15316417	1
0.15316862	10
0.15316922	1
0.15317274	1
0.15317594	2
0.15317719	1
0.15318073	3
0.1531855	1
0.15318575	1
0.15318607	1
0.15318766	37
0.15318914	2
0.15318985	3
0.15319172	2
0.1531936	1
0.15319793	1
0.15319812	12
0.15319939	2
0.15320262	1
0.15320314	15
0.15320471	1
0.15321356	8
0.15321392	5
0.15322532	1
0.15322603	7
0.15323491	4
0.15323841	1
0.15324088	1
0.15324104	1
0.15324578	1
0.15325341	5
0.15325607	1
0.15326274	12
0.15326456	1
0.15326688	1
0.15326796	1
0.15326868	1
0.15327322	5
0.1532755	5
0.15327664	10
0.15327845	1
0.15328229	1
0.1532905	1
0.153291	2
0.15329246	1
0.15329559	1
0.15329737	1
0.15330951	1
0.15331093	1
0.15331935	5
0.15332023	1
0.15332069	2
0.15332072	2
0.15332252	6
0.1533241	1
0.15333087	1
0.15333495	3
0.15333527	10
0.15334126	1
0.15334201	1
0.15335011	1
0.1533526	1
0.15335302	5
0.15335537	5
0.15335544	5
0.15335655	10
0.1533603	12
0.15336247	5
0.15336284	3
0.15336469	3
0.15336599	4
0.15337501	4
0.15338225	1
0.15338236	5
0.15338453	1
0.15338853	9
0.15338976	1
0.15339261	1
0.15339643	1
0.15340165	1
0.15340202	1
0.15340229	1
0.15340261	1
0.15340557	6
0.15341358	1
0.15341667	1
0.15341872	9
0.15342518	23
0.15342536	5
0.15342627	1
0.15343394	1
0.15343402	2
0.15344037	1
0.15344179	10
0.15344266	3
0.15344782	2
0.15345107	1
0.15346132	1
0.15347024	3
0.15347311	1
0.15347484	1
0.15347627	1
0.15347899	1
0.15348126	1
0.15348206	1
0.1534845	1
0.15348633	1
0.15348692	1
0.15348693	1
0.15348754	3
0.15348755	1
0.15348815	2
0.15348998	1
0.15349027	1
0.15349049	1
0.15349078	1
0.15349245	21
0.15349263	1
0.15350245	19
0.15350708	2
0.15350791	1
0.15351337	1
0.15352066	2
0.15352355	1
0.15353007	1
0.1535303	1
0.15353073	2
0.15353102	3
0.15353878	1
0.15353936	15
0.15354648	1
0.15355251	3
0.15355347	3
0.15355438	3
0.1535545	1
0.15355794	2
0.15356233	4
0.15357125	1
0.15357204	1
0.15357541	1
0.15357593	3
0.15357773	6
0.15357973	40
0.15358226	1
0.15358635	2
0.15358674	4
0.1535871	1
0.15358734	4
0.15358795	8
0.15358856	8
0.15358938	8
0.15358961	1
0.15358978	8
0.15359066	1
0.15359578	1
0.15359595	1
0.15359767	1
0.1535983	1
0.15359893	4
0.15359956	2
0.15359986	6
0.15360144	1
0.15361097	1
0.15361321	6
0.15361651	1
0.1536168	2
0.15362558	1
0.15362904	3
0.15363296	1
0.1536335	4
0.15363609	1
0.15364095	1
0.15364543	1
0.15365203	76
0.15365369	1
0.15365478	1
0.15365494	4
0.1536667	1
0.15367012	5
0.15367305	5
0.15367423	1
0.15367959	27
0.1536896	1
0.15368985	1
0.15369314	1
0.15369357	3
0.15369479	2
0.15369812	2
0.15370347	1
0.1537067	1
0.15370876	3
0.15371045	1
0.1537154	1
0.15371753	4
0.15371815	4
0.15371878	8
0.15371941	8
0.15372067	8
0.15372123	1
0.15372228	2
0.15372604	2
0.15372726	2
0.15372802	3
0.15373133	19
0.15373201	14
0.15373224	1
0.15373426	1
0.15373481	1
0.15373767	1
0.15374392	1
0.15374906	6
0.15375276	1
0.15375625	1
0.15375724	1
0.15375771	1
0.15375874	7
0.15376036	1
0.15376425	31
0.15377072	3
0.15377863	1
0.15378374	1
0.15379158	1
0.15382703	1
0.15382824	14
0.15383407	1
0.15383759	1
0.15383817	8
0.1538399	1
0.1538435	3
0.15384405	6
0.15384838	1
0.15386152	6
0.1538775	2
0.15387848	2
0.15388902	6
0.15389022	1
0.15389699	1
0.15389963	1
0.15390335	1
0.15391301	1
0.15391445	6
0.15391494	2
0.15392669	1
0.15392687	15
0.15393491	2
0.1539374	10
0.15393795	3
0.15394422	1
0.15394997	1
0.1539517	22
0.15396016	1
0.15396068	5
0.15396518	2
0.15397634	1
0.1539789	1
0.15397985	1
0.1539812	3
0.15398485	6
0.15398498	1
0.15398559	1
0.15398681	1
0.15398803	2
0.15398864	1
0.15399668	1
0.15400454	1
0.15400589	1
0.15400839	1
0.15401581	3
0.15402418	1
0.15402503	9
0.15402727	1
0.15402902	1
0.15403073	1
0.15403093	1
0.15403151	1
0.1540369	18
0.15404563	4
0.15404632	1
0.1540521	1
0.15406445	2
0.15406869	1
0.15406974	1
0.15407919	1
0.15408275	1
0.15409182	2
0.15410355	1
0.15410362	1
0.15410383	1
0.15411226	1
0.15411288	1
0.15411414	1
0.1541154	2
0.15411603	1
0.1541206	1
0.15412258	54
0.15412371	1
0.15413737	1
0.15413762	1
0.15413895	1
0.1541419	14
0.15414284	1
0.15415699	3
0.15415803	2
0.15415822	32
0.15415946	1
0.15416112	1
0.15417098	1
0.15417121	1
0.15417814	4
0.15418234	1
0.15419111	1
0.15419465	1
0.15419546	1
0.15420302	1
0.1542039	1
0.15420528	76
0.15420812	1
0.15422662	1
0.1542378	1
0.15424097	4
0.15424104	1
0.15424766	1
0.15425037	5
0.15425276	1
0.15425881	10
0.15426115	1
0.15427881	5
0.15427912	1
0.15428482	4
0.15428679	1
0.15429252	3
0.1542996	3
0.15429996	3
0.15430138	2
0.15430506	1
0.15430606	2
0.1543065	1
0.15430753	3
0.15431088	21
0.15432655	1
0.15432712	1
0.1543284	1
0.15432861	2
0.15433042	22
0.15433426	3
0.15433527	1
0.15434379	1
0.15434766	1
0.15435032	1
0.15435322	1
0.15435339	80
0.15435534	1
0.15435621	1
0.15435823	1
0.15436411	1
0.15436449	1
0.15437262	1
0.1543922	1
0.15439561	1
0.15439756	1
0.15440116	1
0.15441239	1
0.15441445	1
0.154427	1
0.15443257	2
0.1544386	4
0.15444041	1
0.15444068	1
0.15444661	3
0.15445754	1
0.15446341	1
0.15446403	1
0.15446686	2
0.15446911	2
0.15448242	1
0.1544842	2
0.15448486	1
0.15448597	81
0.15448608	1
0.15448652	1
0.1544885	2
0.15449333	1
0.15449617	21
0.15450028	1
0.15450772	1
0.1545087	1
0.15450981	3
0.15451327	1
0.1545138	1
0.15452021	1
0.15452127	4
0.15452616	33
0.15453054	1
0.15453083	8
0.15453271	1
0.154538	1
0.15453995	1
0.15454075	2
0.15456797	1
0.15456803	54
0.15457156	1
0.15457744	1
0.15457774	4
0.15457994	1
0.15459021	5
0.1545904	1
0.15459137	5
0.15459398	3
0.15459424	5
0.15459482	5
0.1545954	5
0.15459598	5
0.15462558	1
0.15462809	1
0.15462935	1
0.15463581	2
0.15463977	21
0.15464081	1
0.1546455	2
0.15465614	5
0.1546589	1
0.15466002	1
0.15466076	2
0.15466197	2
0.15468378	1
0.15469531	2
0.15469893	3
0.15470473	2
0.15470783	3
0.15471094	1
0.15471915	2
0.15472246	1
0.15472606	2
0.15472729	1
0.15472933	1
0.15473337	1
0.15473353	1
0.15473701	1
0.15475344	5
0.15475464	5
0.1547576	5
0.1547582	5
0.1547588	5
0.15475887	1
0.1547594	5
0.15476146	41
0.15476201	1
0.15476528	1
0.154771	1
0.15479091	1
0.15481026	1
0.15481129	3
0.1548131	2
0.15482157	1
0.15482476	1
0.15483381	3
0.1548359	1
0.15484148	3
0.15487329	1
0.15487614	1
0.15487646	1
0.15487927	3
0.15487957	1
0.15491854	1
0.15491903	2
0.15492081	2
0.15492301	1
0.15493654	3
0.15493786	1
0.15493872	1
0.15494422	55
0.15494775	5
0.15496305	7
0.15497377	1
0.15498046	1
0.15498169	1
0.15498819	1
0.15499282	1
0.15500817	1
0.15501205	3
0.15501442	1
0.15501966	5
0.15502399	1
0.15502689	2
0.15503418	1
0.15504107	1
0.15504898	1
0.15504901	1
0.15505401	1
0.15508141	3
0.1550864	1
0.1550872	23
0.15509556	1
0.15509811	1
0.15509899	1
0.15510857	1
0.1551125	1
0.15511586	5
0.15511672	1
0.15512953	1
0.15513763	1
0.15513953	1
0.15514045	1
0.15514079	1
0.15514799	1
0.15515305	1
0.15515761	1
0.15516837	1
0.15516841	1
0.15518114	2
0.15518134	5
0.15519945	1
0.15522386	1
0.15522631	1
0.1552272	2
0.15523339	1
0.15525367	2
0.15525855	1
0.15527024	1
0.1552704	1
0.15528193	1
0.15528819	1
0.1552909	1
0.15529336	1
0.15530121	2
0.15530952	1
0.1553189	1
0.15532351	50
0.15532463	3
0.15533269	17
0.15533747	38
0.15534245	1
0.15535363	1
0.15535399	6
0.15535844	1
0.15536335	34
0.15538066	3
0.15538407	1
0.155386	2
0.15538916	1
0.15539137	2
0.15540093	3
0.15540341	1
0.15541893	1
0.15543227	1
0.15543504	1
0.15544366	1
0.15545498	2
0.15545773	1
0.15546398	1
0.15548099	48
0.15548217	1
0.15550034	3
0.15550652	1
0.15550725	1
0.15551268	7
0.15551559	1
0.15552218	1
0.15552499	6
0.15554109	1
0.15554143	1
0.15556455	19
0.15557085	3
0.15557326	1
0.15557806	14
0.15559802	5
0.15560221	1
0.15560577	1
0.15563034	1
0.15563183	1
0.15563615	1
0.15565619	1
0.15565725	1
0.15566401	54
0.15566454	2
0.15566795	5
0.15567594	1
0.1556882	4
0.15571433	3
0.15574619	1
0.15574801	1
0.15576714	1
0.15576744	5
0.15578606	1
0.15579564	1
0.15582856	1
0.15584024	1
0.15584065	1
0.15584599	1
0.15584915	1
0.15587428	2
0.1558834	1
0.15588558	1
0.155891	19
0.15589361	1
0.15590714	2
0.15590925	1
0.15591247	1
0.15592631	22
0.15593025	3
0.15593364	1
0.15593594	1
0.15595996	1
0.15597785	1
0.15597893	1
0.15598443	1
0.15598825	42
0.15599018	2
0.15601077	1
0.15603409	1
0.15603754	3
0.15603979	1
0.15604709	2
0.1560525	7
0.15605378	1
0.15606148	2
0.15607805	1
0.15608826	3
0.15609331	1
0.15609798	1
0.1561066	2
0.15610785	1
0.15611003	1
0.1561113	1
0.1561227	3
0.15612632	1
0.15613923	4
0.15616131	18
0.1561723	4
0.15617307	2
0.15617806	4
0.15619014	3
0.15619726	4
0.15620213	2
0.15620381	1
0.1562077	1
0.1562078	1
0.15621101	1
0.15621285	3
0.15622377	3
0.15623167	19
0.15623262	1
0.15623637	2
0.15624469	2
0.15624532	8
0.1562628	15
0.15627002	1
0.15627176	2
0.15627946	2
0.15628086	1
0.15628365	1
0.15628788	2
0.15628862	2
0.15630142	1
0.15630245	1
0.15631225	1
0.15632186	2
0.15632734	1
0.15632811	3
0.15633723	1
0.15634538	1
0.15635213	1
0.1563574	1
0.15636146	2
0.15637532	1
0.15639085	1
0.15639586	1
0.15639923	34
0.15640629	8
0.15642123	1
0.1564267	1
0.1564307	2
0.15643276	2
0.1564339	1
0.1564354	6
0.1564528	1
0.15645633	1
0.1564654	1
0.15646632	3
0.1564962	1
0.1564973	1
0.15650207	2
0.15650517	1
0.15652548	1
0.15653088	1
0.15655598	1
0.15657571	1
0.15658108	1
0.1565827	1
0.15658541	1
0.15658829	1
0.15659592	1
0.15663496	1
0.15664594	1
0.15664833	11
0.15667055	5
0.15667177	3
0.15668067	1
0.15668283	1
0.15668495	14
0.1567206	1
0.15673038	1
0.15674155	10
0.15674425	5
0.1567592	1
0.15676883	1
0.15676899	20
0.15677167	1
0.15677707	4
0.15678086	1
0.15678114	1
0.15678924	3
0.15680458	3
0.15680477	1
0.15682574	1
0.15682597	1
0.15683204	1
0.15685195	1
0.15685353	3
0.1568626	1
0.15687371	1
0.15688359	5
0.15688576	1
0.15690161	1
0.15690624	1
0.15691699	2
0.15691976	1
0.15692586	1
0.15693081	1
0.15694928	1
0.15695835	1
0.15695965	5
0.15696356	2
0.15697113	1
0.15698026	20
0.15700755	1
0.15705441	1
0.15706471	1
0.15707872	2
0.157089	1
0.15710037	1
0.1571193	1
0.15715304	1
0.15715545	1
0.15715947	3
0.15716486	3
0.15716956	3
0.15717033	1
0.15718673	1
0.15719972	1
0.15721069	1
0.15721481	1
0.15722642	1
0.15723191	1
0.15724444	8
0.15725341	2
0.15725696	10
0.15728545	3
0.15730405	35
0.15738161	3
0.15739365	1
0.15740544	1
0.15741083	1
0.1574217	1
0.15743868	1
0.15746266	6
0.15748007	1
0.1575285	9
0.1575484	6
0.1575648	1
0.1575678	1
0.1575943	1
0.15759856	14
0.1576079	1
0.15762504	8
0.15762924	1
0.15764313	1
0.15764514	1
0.15764725	4
0.15769108	1
0.15770157	2
0.15770874	1
0.1577192	1
0.15776744	1
0.15777697	1
0.15777803	1
0.15779626	1
0.15780864	1
0.15784763	2
0.15786513	1
0.15788137	1
0.1579277	7
0.15794821	1
0.15795853	1
0.15796526	1
0.15797622	1
0.1579886	2
0.15802757	3
0.15802915	1
0.15803099	4
0.1580327	1
0.15805006	3
0.15805176	1
0.15805379	2
0.15805793	1
0.15806132	2
0.15807856	1
0.15808132	1
0.15809855	3
0.15810515	1
0.15811109	1
0.15811987	3
0.1581289	4
0.15813894	1
0.15815139	1
0.15816519	1
0.15817589	1
0.15823237	1
0.1582356	1
0.15824515	15
0.15825862	1
0.15828748	4
0.15831644	5
0.15833919	3
0.15834521	1
0.15834605	2
0.15835533	1
0.15835545	2
0.15835627	1
0.15839751	3
0.15840826	1
0.15841057	8
0.15842863	1
0.15844365	1
0.15848194	1
0.1584856	1
0.15848819	2
0.15849206	1
0.15849306	1
0.1584947	2
0.15853114	11
0.1586004	1
0.15860852	2
0.15861389	1
0.15861448	1
0.15867873	1
0.15872977	1
0.15873178	1
0.15878273	1
0.15883605	7
0.15884266	2
0.15891258	2
0.15892093	1
0.15897193	7
0.15901657	1
0.15902191	1
0.15902669	1
0.15904932	3
0.15905232	1
0.15905258	4
0.15906341	1
0.15910933	1
0.15912729	1
0.15913606	20
0.15915952	12
0.15920737	1
0.15922373	1
0.15928522	1
0.15930489	1
0.15933702	1
0.15938057	1
0.15939207	3
0.15939722	1
0.15939837	2
0.15943677	1
0.15950751	1
0.15951519	1
0.15951923	1
0.15952293	15
0.15954958	1
0.15956249	3
0.15958202	2
0.1595993	1
0.15961744	1
0.15962258	3
0.15967057	1
0.15968702	1
0.15969017	2
0.15971974	1
0.15975032	1
0.15975043	1
0.15976063	1
0.15977441	1
0.15984667	3
0.15988845	9
0.15989274	1
0.1598985	1
0.15991566	38
0.15998379	1
0.16003409	1
0.16007534	1
0.16008887	1
0.16009523	1
0.16009784	1
0.16013339	11
0.1601656	5
0.16017441	7
0.16017464	1
0.16018641	2
0.16022922	1
0.16034327	4
0.16035931	1
0.16036269	2
0.16038385	1
0.16040729	1
0.16051728	1
0.16058336	1
0.16058891	1
0.16059898	2
0.16065754	1
0.16066538	14
0.16066877	1
0.16068652	1
0.1606984	1
0.16070206	1
0.1607267	4
0.16073228	1
0.16075282	7
0.16077196	2
0.16082994	1
0.16084953	1
0.16087301	1
0.16089147	1
0.16089707	2
0.16092129	1
0.16093411	1
0.16095608	3
0.16096197	20
0.16097821	1
0.16101354	2
0.16103429	1
0.1610362	1
0.1610406	1
0.16111932	1
0.16115611	19
0.16119398	1
0.16126216	1
0.16128414	1
0.16130196	1
0.1613083	1
0.1613154	4
0.16132585	1
0.16132801	14
0.16135698	1
0.16137963	1
0.16141277	1
0.16142251	1
0.16142762	1
0.16142865	1
0.16144565	1
0.16144574	1
0.16145277	2
0.1614892	1
0.16150202	3
0.16150655	1
0.16153489	1
0.1615643	1
0.16157598	1
0.1616284	1
0.1616673	1
0.16168264	1
0.16170288	1
0.16171527	1
0.16173018	3
0.16176871	1
0.16177381	1
0.16178201	22
0.16179429	2
0.16179656	1
0.16186142	2
0.16187352	8
0.16187882	1
0.16188591	2
0.16189533	1
0.16189617	1
0.16192818	3
0.16192875	1
0.16193209	1
0.16197649	1
0.16199705	1
0.16201961	6
0.16204739	1
0.16216594	1
0.16218259	10
0.16219335	1
0.16221384	2
0.16222336	1
0.16223084	1
0.16229261	1
0.16235238	1
0.16235651	1
0.16236488	1
0.16236773	21
0.16241569	1
0.16242569	1
0.16245241	1
0.16247466	1
0.1625256	2
0.16260154	1
0.16263701	1
0.16267542	1
0.16268587	2
0.16270011	2
0.16273673	4
0.16279722	1
0.16279845	2
0.16281783	1
0.16283344	2
0.16287081	8
0.16289368	4
0.16295212	1
0.16300415	1
0.1630131	2
0.16308428	1
0.16308972	1
0.16309908	1
0.16317495	2
0.16326517	2
0.16329666	3
0.1633044	1
0.16333145	1
0.16334353	2
0.16335655	2
0.1633699	24
0.1634579	2
0.16348851	1
0.16353798	2
0.16355413	1
0.16361034	1
0.16368609	1
0.16370408	2
0.16375351	1
0.16378104	1
0.16378422	1
0.1639193	1
0.16394019	1
0.16397179	1
0.16397808	1
0.16398096	1
0.16411008	1
0.16412597	1
0.16417239	1
0.16428439	14
0.16428835	1
0.16429045	1
0.16432614	1
0.16441509	1
0.16443388	2
0.16446687	2
0.16451391	18
0.1645411	1
0.16455674	3
0.16460006	1
0.16468454	1
0.16469547	1
0.16469789	14
0.16470979	1
0.16474368	1
0.16476323	5
0.1647892	16
0.16480688	1
0.16483267	2
0.16483536	1
0.16484178	1
0.16485254	1
0.1649195	1
0.16492891	2
0.16497305	1
0.16498392	2
0.16502166	3
0.165057	1
0.16513462	1
0.16515289	2
0.16525008	4
0.16526161	15
0.16535094	1
0.16540315	1
0.1654608	3
0.16547086	1
0.16547316	1
0.16548935	1
0.1655325	1
0.165538	1
0.16554403	1
0.16556312	1
0.16562641	3
0.16562912	1
0.16572539	1
0.16581417	1
0.16581835	2
0.16585539	1
0.16587723	1
0.16590307	1
0.16594054	2
0.16595141	1
0.16606366	1
0.16608769	1
0.16610293	1
0.16619509	11
0.166339	1
0.16635445	1
0.16639301	1
0.16644296	2
0.16644965	2
0.16647298	1
0.16650442	4
0.16650967	1
0.166511	1
0.16651497	8
0.16655501	1
0.16656399	2
0.16656759	3
0.16659855	2
0.16659969	2
0.16669209	1
0.16671777	1
0.16673417	10
0.16674542	1
0.16687448	1
0.16694593	1
0.16698939	1
0.16699202	1
0.1670149	1
0.16703976	4
0.16706228	2
0.16708288	3
0.16711878	1
0.16714713	1
0.16723513	1
0.16733109	1
0.167335	2
0.16734572	1
0.16735741	1
0.16740372	1
0.16743884	1
0.16757732	1
0.16759711	2
0.16760695	1
0.16764471	1
0.1676721	1
0.16767301	8
0.16786626	1
0.1679772	1
0.1680805	1
0.16810516	1
0.16812977	1
0.16813045	1
0.1681564	1
0.16820828	1
0.16826013	1
0.16829369	2
0.16830492	1
0.16831339	1
0.16831904	1
0.1683518	1
0.16838538	1
0.16840952	1
0.16842461	1
0.16854212	1
0.16857542	1
0.16873069	1
0.16884063	1
0.16888047	1
0.16889945	1
0.16915395	1
0.16916405	1
0.16929468	1
0.16930621	2
0.16933771	1
0.16937045	1
0.1693787	1
0.16941138	1
0.16944739	1
0.1694903	1
0.16954335	1
0.16969333	5
0.16977784	1
0.16978	3
0.16982279	2
0.16983475	1
0.1699969	1
0.1700153	2
0.17017691	1
0.17018149	1
0.17026678	8
0.17027703	1
0.17029217	1
0.17034505	1
0.17045342	1
0.1704849	1
0.17072581	1
0.17091807	4
0.17098943	1
0.17119796	1
0.17121073	1
0.1713499	1
0.17141262	1
0.17167046	1
0.17169905	1
0.17171257	2
0.17192989	1
0.17197953	1
0.17200755	1
0.17214484	5
0.17216134	1
0.17216919	1
0.17225818	1
0.1724557	1
0.17265603	1
0.17265899	1
0.17272875	1
0.17287367	1
0.17311685	1
0.17337274	1
0.17348955	1
0.17356402	1
0.17368853	1
0.1737585	1
0.17379858	1
0.17405646	1
0.17415259	1
0.17416211	1
0.17441698	1
0.17460797	1
0.17496168	1
0.17515281	1
0.17519158	1
0.17563955	1
0.1760628	1
0.17606358	1
0.17619038	1
0.17619086	1
0.17666712	5
0.17709447	1
0.17713313	1
0.17720327	1
0.17725729	1
0.17737419	1
0.17752182	2
0.17794299	1
0.17801064	3
0.17817689	4
0.17818866	1
0.17837308	1
0.17842459	1
0.17847673	1
0.17864548	1
0.17882618	1
0.17895002	1
0.17918943	1
0.17939577	1
0.17940393	1
0.17957465	1
0.17970861	1
0.17974699	1
0.17984383	1
0.17995166	1
0.18001262	1
0.18036485	1
0.18054504	1
0.18083253	1
0.18091799	1
0.18105934	1
0.18114603	2
0.18115776	1
0.18130739	1
0.1817663	1
0.18198791	1
0.18227934	1
0.18244515	1
0.18251432	1
0.18278077	1
0.18313518	1
0.18321248	1
0.18356922	1
0.1835942	1
0.18382775	1
0.18405675	1
0.18421027	1
0.18422219	1
0.18465053	1
0.18476748	1
0.1850104	1
0.18535409	1
0.18557937	1
0.18594639	1
0.18639566	1
0.18678902	1
0.18679312	1
0.18724621	1
0.18731992	1
0.18757206	2
0.18868158	1
0.18876404	1
0.18946122	3
0.1896653	1
0.19244952	1
0.19265994	1
0.19284818	3
0.19295613	1
0.19476506	1
0.19598313	1
0.19625779	1
0.19635727	1
0.19645105	3
0.19682898	1
0.19740456	1
0.19834446	1
0.19940562	8
0.19989363	7
0.20034638	3
0.20054832	7
0.20133376	2
0.20140632	1
0.20216087	1
0.20330672	1
0.20333425	1
0.20363351	2
0.20404623	1
0.20448413	1
0.20470071	2
0.20572365	1
0.20602129	1
0.20635378	1
0.20718123	1
0.20753787	1
0.20772334	1
0.20813207	1
0.21168022	1
0.21182303	1
0.21219827	1
0.21267412	1
0.21272814	4
0.21442676	5
0.21446595	1
0.21513364	31
0.2155726	2
0.21561349	1
0.21595339	1
0.21633417	1
0.21647982	1
0.21743113	3
0.21854897	1
0.21857868	1
0.21897283	1
0.21903076	1
0.2194022	2
0.21942545	1
0.21944908	1
0.21947309	1
0.21950207	1
0.21969525	1
0.21998906	1
0.22061482	1
0.22102335	1
0.2210353	1
0.2210682	1
0.22125936	1
0.22134375	1
0.22153552	1
0.22168647	1
0.22203213	2
0.22237747	1
0.22304694	1
0.22405086	1
0.22419033	1
0.22419956	1
0.22422789	1
0.2243055	1
0.22442405	1
0.22444836	1
0.2245697	1
0.22495431	1
0.22497623	1
0.2257332	1
0.22603317	1
0.22640024	1
0.22669637	1
0.22720286	1
0.22728189	1
0.22737635	1
0.2274184	1
0.2278701	1
0.22796856	1
0.22815074	1
0.22826183	1
0.22865787	1
0.22892554	1
0.2289726	1
0.22923485	2
0.22968279	1
0.22975428	1
0.22984794	1
0.22984937	1
0.23000137	1
0.23035036	1
0.23067589	1
0.23080051	4
0.23089477	1
0.23106055	6
0.23130291	1
0.23193996	1
0.23201361	1
0.23211513	1
0.23223052	1
0.23366937	1
0.23381748	1
0.2339245	1
0.23415199	1
0.23453067	1
0.23469904	1
0.2353649	1
0.23536967	1
0.23547627	1
0.23551183	1
0.2356401	1
0.23582594	1
0.23669309	1
0.23784143	1
0.23859472	1
0.23920786	1
0.23922141	1
0.23935485	254
0.23982086	1
0.23987191	1
0.24054544	1
0.24075439	1
0.24136436	1
0.2419721	1
0.24207928	1
0.24240533	1
0.24262743	1
0.2427775	1
0.24294259	1
0.24314578	1
0.24330252	55
0.24339168	2
0.24363005	1
0.24369005	1
0.24381238	1
0.24421849	1
0.24450296	3
0.2446011	1
0.24482191	2
0.24544737	2
0.24597381	1
0.24632976	1
0.24675622	1
0.24691001	1
0.24699937	255
0.24706205	1
0.24742481	2
0.24747251	1
0.24753126	1
0.24765443	1
0.24803033	1
0.24830401	1
0.248786	1
0.24948523	1
0.24983633	1
0.25037857	1
0.2510779	1
0.25133391	1
0.25148385	1
0.25182019	2
0.25356638	1
0.25370928	1
0.25406631	1
0.25433878	1
0.25495439	1
0.25569827	1
0.25680811	1
0.25724681	1
0.25830642	1
0.25869463	1
0.25942038	1
0.25942715	1
0.26121095	1
0.26246017	1
0.26354092	1
0.26354286	1
0.26359468	1
0.26765272	1
0.26799486	1
0.26841306	1
0.27389853	1
0.27417486	1
0.27473238	1
0.2763635	1
0.27885352	2
0.28026727	8
0.28412011	1
0.28604757	1
0.28924849	2
0.29034972	1
0.2932931	1
0.2936489	1
0.29754768	2
0.31109503	1
0.31355278	1
0.31941038	5
0.32352144	1
0.32806915	1
0.32870971	12
0.32917218	1
0.33073333	2
0.33167554	1
0.33184756	1
0.33240594	1
0.33292441	1
0.33300468	1
0.33311744	1
0.33341234	1
0.33362857	1
0.33660504	3
0.33802237	1
0.3407044	1
0.34299895	1
0.34313322	1
0.34318219	1
0.34399873	12
0.34419751	1
0.34448445	1
0.34494071	1
0.34571869	1
0.34822454	1
0.35074456	1
0.35147807	1
0.35151137	1
0.3592081	1
0.35953509	1
0.36078506	1
0.3675998	1
0.3680393	1
0.36818616	1
0.37061715	1
0.37339185	1
0.37860334	3
0.38601929	1
0.39454705	3
0.39996428	1
0.41053454	4
0.41135663	1
0.41383587	1
0.41463576	1
0.41806456	1
0.4262932	1
0.43458108	1
0.43675198	1
0.43961342	1
0.4409981	1
0.4548507	1
0.46554226	1
0.46776328	1
0.47186641	1
0.4777599	1
0.50157827	1
0.50555815	1
0.51338187	1
0.57253068	2
0.57640676	1
0.58048704	1
0.59756767	1
0.60158396	1
0.60433019	1
0.63192174	1
0.64773776	1
0.68495188	1
0.73653209	1
0.73899811	1
0.73965259	4
0.74055981	1
0.74257015	1
0.74282289	2
0.76136613	1
0.81541236	1
0.81631957	3
0.82074983	2
0.8222528	1
0.83920676	1
0.91171433	1
1.07469442	1
1.08520125	1
1.12645484	1
1.13426329	1
1.14011256	1
1.14991655	1
1.15006827	1
1.17627786	1
1.1929207	1
1.19709011	1
1.20600156	1
1.20935723	1
1.21557354	1
1.22717211	1
1.24647326	1
1.37053489	1
1.45542465	1
1.62383737	1
1.65670055	1
